1 0.6490367 0.6633254 0.6224819 
2 0.6490367 0.6631489 0.622609 
3 0.6490367 0.6616163 0.6245836 
4 0.6490367 0.6637595 0.6211015 
5 0.6490367 0.6608449 0.6263595 
6 0.6490367 0.6608549 0.6271686 
7 0.6490367 0.6622789 0.6237726 
8 0.6490367 0.6581115 0.6305528 
9 0.6490367 0.6569799 0.6333202 
10 0.6490367 0.6630066 0.6219109 
11 0.6490367 0.6586853 0.630343 
12 0.6490367 0.6624974 0.6229572 
13 0.6490367 0.6631211 0.6227471 
14 0.6490367 0.6614181 0.6238178 
15 0.6490367 0.6590872 0.629348 
16 0.6490367 0.6648953 0.6191759 
17 0.6490367 0.6591378 0.6283698 
18 0.6490367 0.6607857 0.62579 
19 0.6490367 0.6613115 0.6242023 
20 0.6490367 0.6582785 0.630422 
21 0.6490367 0.6635061 0.6208167 
22 0.6490367 0.6621811 0.6224726 
23 0.6490367 0.6627559 0.6220419 
24 0.6490367 0.663574 0.6205586 
25 0.6490367 0.6619776 0.6238812 
26 0.6490367 0.6619256 0.6238156 
27 0.6490367 0.6596069 0.6280758 
28 0.6490367 0.6601449 0.6273482 
29 0.6490367 0.6611764 0.6261783 
30 0.6490367 0.6621695 0.6231957 
31 0.6490367 0.6588085 0.6294203 
32 0.6490367 0.6590266 0.6298515 
33 0.6490367 0.6604715 0.6257458 
34 0.6490367 0.6659145 0.6168365 
35 0.6490367 0.66667 0.6142633 
36 0.6490367 0.6646558 0.6202918 
37 0.6490367 0.6609261 0.6253548 
38 0.6490367 0.6584968 0.6307486 
39 0.6490367 0.660497 0.6259021 
40 0.6490367 0.6577736 0.6312809 
41 0.6490367 0.6613619 0.6255995 
42 0.6490367 0.6618439 0.6243053 
43 0.6490367 0.6609419 0.6257921 
44 0.6490367 0.6610322 0.6250368 
45 0.6490367 0.6612746 0.6249833 
46 0.6490367 0.6629602 0.620772 
47 0.6490367 0.6601731 0.627245 
48 0.6490367 0.6641136 0.6211082 
49 0.6490367 0.6587076 0.6296662 
50 0.6490367 0.6613936 0.6258201 
51 0.6490367 0.6614744 0.6251507 
52 0.6490367 0.6621343 0.623265 
53 0.6490367 0.66226 0.6229889 
54 0.6490367 0.6583333 0.6303743 
55 0.6490367 0.6618103 0.623986 
56 0.6490367 0.659867 0.6285993 
57 0.6490367 0.6617195 0.6236051 
58 0.6490367 0.660693 0.6247542 
59 0.6490367 0.6623317 0.6212778 
60 0.6490367 0.6620182 0.6247794 
61 0.6490367 0.6605145 0.626994 
62 0.6490367 0.6619239 0.6247178 
63 0.6490367 0.6606125 0.6279854 
64 0.6490367 0.6608278 0.6257325 
65 0.6490367 0.6627231 0.6220766 
66 0.6490367 0.6629695 0.6218332 
67 0.6490367 0.6607501 0.6260397 
68 0.6490367 0.6635159 0.6204198 
69 0.6490367 0.662358 0.6229118 
70 0.6490367 0.6612515 0.6260119 
71 0.6490367 0.6646811 0.6184913 
72 0.6490367 0.6615583 0.6240956 
73 0.6490367 0.662704 0.6231326 
74 0.6490367 0.6629751 0.6226477 
75 0.6490367 0.6643004 0.6187012 
76 0.6490367 0.6632856 0.623595 
77 0.6490367 0.6600214 0.6277544 
78 0.6490367 0.6619436 0.6255139 
79 0.6490367 0.6623396 0.6233481 
80 0.6490367 0.6626348 0.6231789 
81 0.6490367 0.6624104 0.6235498 
82 0.6490367 0.6627438 0.6226549 
83 0.6490367 0.66237 0.6234588 
84 0.6490367 0.6617674 0.6241252 
85 0.6490367 0.6631946 0.6209614 
86 0.6490367 0.6625687 0.6235568 
87 0.6490367 0.6607413 0.6254089 
88 0.6490367 0.6620566 0.624005 
89 0.6490367 0.6630421 0.6220213 
90 0.6490367 0.6586148 0.6302319 
91 0.6490367 0.663008 0.6214542 
92 0.6490367 0.6586455 0.6295961 
93 0.6490367 0.6649466 0.6183477 
94 0.6490367 0.6614674 0.6251378 
95 0.6490367 0.662727 0.622277 
96 0.6490367 0.6637313 0.6196039 
97 0.6490367 0.6629282 0.6222115 
98 0.6490367 0.6601228 0.6263035 
99 0.6490367 0.660511 0.6263335 
100 0.6490367 0.6610068 0.6251676 
101 0.6490367 0.6605735 0.6281017 
102 0.6490367 0.6613812 0.6254853 
103 0.6490367 0.6603111 0.6273131 
104 0.6490367 0.6649311 0.6188123 
105 0.6490367 0.6617841 0.6240925 
106 0.6490367 0.6597777 0.6285221 
107 0.6490367 0.6629702 0.6228865 
108 0.6490367 0.6615393 0.6245717 
109 0.6490367 0.6580921 0.6314148 
110 0.6490367 0.662223 0.6232338 
111 0.6490367 0.6588039 0.6296251 
112 0.6490367 0.6620001 0.6240313 
113 0.6490367 0.6642369 0.6192928 
114 0.6490367 0.6629026 0.6218738 
115 0.6490367 0.6625543 0.6239422 
116 0.6490367 0.6615011 0.6248608 
117 0.6490367 0.6621908 0.624187 
118 0.6490367 0.6609386 0.6249568 
119 0.6490367 0.6630014 0.6227709 
120 0.6490367 0.6619733 0.6232975 
121 0.6490367 0.6635739 0.6212106 
122 0.6490367 0.6613674 0.6253301 
123 0.6490367 0.6624013 0.6232573 
124 0.6490367 0.6650283 0.6173604 
125 0.6490367 0.6617345 0.6249965 
126 0.6490367 0.6623951 0.6224879 
127 0.6490367 0.6620213 0.6232308 
128 0.6490367 0.6586933 0.6289428 
129 0.6490367 0.6592222 0.6288611 
130 0.6490367 0.6624057 0.6231919 
131 0.6490367 0.6636204 0.6198259 
132 0.6490367 0.6610374 0.6255796 
133 0.6490367 0.662828 0.6221392 
134 0.6490367 0.662664 0.6215275 
135 0.6490367 0.6624729 0.6216999 
136 0.6490367 0.6612464 0.6250652 
137 0.6490367 0.6622445 0.6233907 
138 0.6490367 0.6601343 0.6268333 
139 0.6490367 0.6632054 0.6215553 
140 0.6490367 0.6589467 0.6286237 
141 0.6490367 0.6623226 0.6242646 
142 0.6490367 0.6612849 0.6256947 
143 0.6490367 0.6646826 0.6183529 
144 0.6490367 0.6596351 0.6285029 
145 0.6490367 0.6616659 0.6244056 
146 0.6490367 0.6627435 0.6220064 
147 0.6490367 0.6579981 0.6316936 
148 0.6490367 0.6632808 0.6220688 
149 0.6490367 0.6601915 0.6276144 
150 0.6490367 0.6621752 0.6223056 
151 0.6490367 0.6609243 0.6259287 
152 0.6490367 0.6630862 0.622841 
153 0.6490367 0.6637034 0.6209933 
154 0.6490367 0.6633686 0.6206794 
155 0.6490367 0.6627991 0.6226065 
156 0.6490367 0.6643213 0.6197799 
157 0.6490367 0.6629507 0.6222566 
158 0.6490367 0.6602196 0.6273705 
159 0.6490367 0.6610362 0.6248945 
160 0.6490367 0.6609743 0.625959 
161 0.6490367 0.6619804 0.6224345 
162 0.6490367 0.6626567 0.6229947 
163 0.6490367 0.6636278 0.6219492 
164 0.6490367 0.6597887 0.628591 
165 0.6490367 0.6637766 0.6210383 
166 0.6490367 0.6618042 0.6244363 
167 0.6490367 0.662586 0.6217765 
168 0.6490367 0.6593105 0.629328 
169 0.6490367 0.6601218 0.6272973 
170 0.6490367 0.664749 0.6182567 
171 0.6490367 0.6606613 0.6274094 
172 0.6490367 0.6601987 0.6285168 
173 0.6490367 0.6609298 0.6266427 
174 0.6490367 0.6609749 0.625468 
175 0.6490367 0.664052 0.6189615 
176 0.6490367 0.6620275 0.6226359 
177 0.6490367 0.6603063 0.6262869 
178 0.6490367 0.6631935 0.6221753 
179 0.6490367 0.6621305 0.6230716 
180 0.6490367 0.659898 0.6282695 
181 0.6490367 0.6658086 0.6174217 
182 0.6490367 0.6620168 0.6243541 
183 0.6490367 0.662544 0.6236311 
184 0.6490367 0.6565125 0.6340796 
185 0.6490367 0.6623392 0.6227162 
186 0.6490367 0.665002 0.6181387 
187 0.6490367 0.6633724 0.6203866 
188 0.6490367 0.6650973 0.6173296 
189 0.6490367 0.6596157 0.6277524 
190 0.6490367 0.6612069 0.6248494 
191 0.6490367 0.6613997 0.6258342 
192 0.6490367 0.6607854 0.6261987 
193 0.6490367 0.6627992 0.6234876 
194 0.6490367 0.6630157 0.6223083 
195 0.6490367 0.6583396 0.6301307 
196 0.6490367 0.6620375 0.6232559 
197 0.6490367 0.6638813 0.6186987 
198 0.6490367 0.6642238 0.6196449 
199 0.6490367 0.658227 0.6311719 
200 0.6490367 0.6615932 0.6232014 
201 0.6490367 0.6588694 0.6300493 
202 0.6490367 0.6612426 0.6249663 
203 0.6490367 0.6596066 0.6280532 
204 0.6490367 0.6600004 0.6278418 
205 0.6490367 0.6598381 0.6276175 
206 0.6490367 0.6637148 0.620187 
207 0.6490367 0.6635843 0.6211906 
208 0.6490367 0.6622566 0.624334 
209 0.6490367 0.6609169 0.6245378 
210 0.6490367 0.6643999 0.6172121 
211 0.6490367 0.6619438 0.623947 
212 0.6490367 0.6623746 0.6220816 
213 0.6490367 0.6627301 0.622594 
214 0.6490367 0.6607412 0.6261838 
215 0.6490367 0.6600158 0.6280213 
216 0.6490367 0.6607346 0.6259681 
217 0.6490367 0.6637381 0.6212943 
218 0.6490367 0.6598597 0.6279749 
219 0.6490367 0.6624306 0.6233708 
220 0.6490367 0.6569787 0.6339839 
221 0.6490367 0.6580618 0.6309597 
222 0.6490367 0.6642866 0.6189966 
223 0.6490367 0.658506 0.629814 
224 0.6490367 0.6638085 0.6214039 
225 0.6490367 0.6596458 0.6280688 
226 0.6490367 0.6598356 0.6280217 
227 0.6490367 0.6597436 0.6276626 
228 0.6490367 0.6616799 0.6260691 
229 0.6490367 0.6629787 0.6224666 
230 0.6490367 0.6625186 0.6227716 
231 0.6490367 0.6607625 0.6259131 
232 0.6490367 0.6637125 0.6216134 
233 0.6490367 0.6658504 0.6178572 
234 0.6490367 0.6648008 0.6174618 
235 0.6490367 0.6587827 0.6307456 
236 0.6490367 0.6604097 0.6269534 
237 0.6490367 0.6586633 0.6298406 
238 0.6490367 0.6622329 0.6233849 
239 0.6490367 0.6627649 0.6231875 
240 0.6490367 0.6606816 0.6265992 
241 0.6490367 0.662583 0.6241875 
242 0.6490367 0.6613611 0.6246786 
243 0.6490367 0.660597 0.6268356 
244 0.6490367 0.6626221 0.6220967 
245 0.6490367 0.6604852 0.6274799 
246 0.6490367 0.6606693 0.6260968 
247 0.6490367 0.6594477 0.6272254 
248 0.6490367 0.6600286 0.6280658 
249 0.6490367 0.6590161 0.6298927 
250 0.6490367 0.6628151 0.6225758 
251 0.6490367 0.6657576 0.6170306 
252 0.6490367 0.66089 0.6267421 
253 0.6490367 0.6604153 0.6256512 
254 0.6490367 0.6644549 0.6193941 
255 0.6490367 0.6605503 0.6263818 
256 0.6490367 0.6621223 0.6238232 
257 0.6490367 0.6622538 0.6237096 
258 0.6490367 0.6605613 0.6274784 
259 0.6490367 0.6626255 0.6229399 
260 0.6490367 0.6602188 0.6281873 
261 0.6490367 0.6612349 0.6249815 
262 0.6490367 0.6606742 0.6261634 
263 0.6490367 0.6621659 0.6242881 
264 0.6490367 0.6624917 0.6216925 
265 0.6490367 0.6603136 0.6252503 
266 0.6490367 0.6626675 0.6228016 
267 0.6490367 0.6607374 0.6257825 
268 0.6490367 0.661248 0.6253779 
269 0.6490367 0.6619721 0.624358 
270 0.6490367 0.6622366 0.6228029 
271 0.6490367 0.663022 0.6207732 
272 0.6490367 0.6643368 0.6191305 
273 0.6490367 0.661717 0.6237795 
274 0.6490367 0.6607724 0.625478 
275 0.6490367 0.6614554 0.6246549 
276 0.6490367 0.6620242 0.6224046 
277 0.6490367 0.6595184 0.628907 
278 0.6490367 0.6595341 0.6285635 
279 0.6490367 0.6620699 0.6256652 
280 0.6490367 0.6625199 0.6226234 
281 0.6490367 0.6607432 0.6255889 
282 0.6490367 0.6619089 0.6242617 
283 0.6490367 0.6633465 0.6201821 
284 0.6490367 0.6639764 0.6198026 
285 0.6490367 0.6602162 0.6269658 
286 0.6490367 0.6624948 0.6220505 
287 0.6490367 0.6642075 0.6198054 
288 0.6490367 0.6601084 0.6269836 
289 0.6490367 0.6611106 0.6256699 
290 0.6490367 0.6636071 0.6208383 
291 0.6490367 0.6608739 0.6266012 
292 0.6490367 0.6646789 0.6196477 
293 0.6490367 0.6595777 0.628659 
294 0.6490367 0.6613521 0.6247773 
295 0.6490367 0.6605071 0.6258298 
296 0.6490367 0.6610925 0.6263859 
297 0.6490367 0.6624747 0.6226244 
298 0.6490367 0.6585627 0.6309422 
299 0.6490367 0.6621365 0.6227983 
300 0.6490367 0.6602202 0.6276064 
301 0.6490367 0.6642288 0.6209255 
302 0.6490367 0.662645 0.6229599 
303 0.6490367 0.6628068 0.6216393 
304 0.6490367 0.662337 0.6229529 
305 0.6490367 0.6566514 0.6346201 
306 0.6490367 0.6608905 0.6264463 
307 0.6490367 0.664298 0.6189408 
308 0.6490367 0.6623874 0.6237049 
309 0.6490367 0.6611748 0.62494 
310 0.6490367 0.6621217 0.623573 
311 0.6490367 0.6599326 0.6269675 
312 0.6490367 0.6608223 0.6256138 
313 0.6490367 0.6610068 0.6247917 
314 0.6490367 0.6605986 0.6256708 
315 0.6490367 0.6602657 0.627637 
316 0.6490367 0.6639892 0.6188187 
317 0.6490367 0.6599939 0.6281549 
318 0.6490367 0.6596304 0.6279356 
319 0.6490367 0.6617871 0.6247375 
320 0.6490367 0.6628956 0.6220073 
321 0.6490367 0.6621586 0.621855 
322 0.6490367 0.6616098 0.6242695 
323 0.6490367 0.6595652 0.6291036 
324 0.6490367 0.6657991 0.617646 
325 0.6490367 0.6619348 0.623909 
326 0.6490367 0.6596803 0.6280704 
327 0.6490367 0.6609741 0.624858 
328 0.6490367 0.6599756 0.6273206 
329 0.6490367 0.6619117 0.6233345 
330 0.6490367 0.6624054 0.6234753 
331 0.6490367 0.6603875 0.6280106 
332 0.6490367 0.6648361 0.6195782 
333 0.6490367 0.6634693 0.6220973 
334 0.6490367 0.6627408 0.622515 
335 0.6490367 0.6610788 0.6252101 
336 0.6490367 0.6596313 0.6285554 
337 0.6490367 0.6615307 0.6235313 
338 0.6490367 0.6599645 0.6271486 
339 0.6490367 0.6661501 0.6159897 
340 0.6490367 0.6607665 0.6251449 
341 0.6490367 0.6610546 0.6263829 
342 0.6490367 0.6639581 0.6200634 
343 0.6490367 0.6619389 0.6230204 
344 0.6490367 0.6596182 0.6292856 
345 0.6490367 0.6627573 0.6230885 
346 0.6490367 0.6583186 0.6309139 
347 0.6490367 0.6619831 0.6235059 
348 0.6490367 0.6606326 0.6264459 
349 0.6490367 0.6605179 0.6260403 
350 0.6490367 0.6628249 0.6212959 
351 0.6490367 0.6602225 0.6273886 
352 0.6490367 0.6584874 0.630807 
353 0.6490367 0.6625299 0.6228655 
354 0.6490367 0.6631539 0.6223968 
355 0.6490367 0.6594751 0.6284975 
356 0.6490367 0.6610045 0.6255922 
357 0.6490367 0.6619217 0.6241824 
358 0.6490367 0.6636027 0.6197963 
359 0.6490367 0.6613556 0.6241687 
360 0.6490367 0.6617653 0.6248058 
361 0.6490367 0.6623607 0.6224382 
362 0.6490367 0.6625814 0.6227656 
363 0.6490367 0.6649476 0.6185811 
364 0.6490367 0.6618747 0.624731 
365 0.6490367 0.6594287 0.6273391 
366 0.6490367 0.6588954 0.6302691 
367 0.6490367 0.6640306 0.6195338 
368 0.6490367 0.6602364 0.6268769 
369 0.6490367 0.6589674 0.6294312 
370 0.6490367 0.6619855 0.6237544 
371 0.6490367 0.6618991 0.6231874 
372 0.6490367 0.6643722 0.6187611 
373 0.6490367 0.6618284 0.6243895 
374 0.6490367 0.6623842 0.6243655 
375 0.6490367 0.66454 0.6188335 
376 0.6490367 0.6630451 0.6207583 
377 0.6490367 0.6611661 0.6260725 
378 0.6490367 0.6627927 0.6217281 
379 0.6490367 0.6634812 0.6211435 
380 0.6490367 0.6611449 0.6257065 
381 0.6490367 0.6610012 0.6243917 
382 0.6490367 0.6606087 0.6254928 
383 0.6490367 0.6628581 0.6227543 
384 0.6490367 0.6603245 0.6262247 
385 0.6490367 0.6596096 0.6291504 
386 0.6490367 0.6592791 0.62859 
387 0.6490367 0.6611576 0.6253969 
388 0.6490367 0.6590889 0.6302121 
389 0.6490367 0.6593251 0.6294725 
390 0.6490367 0.6635151 0.6206426 
391 0.6490367 0.6592849 0.6286012 
392 0.6490367 0.6629968 0.6223151 
393 0.6490367 0.6653848 0.6182206 
394 0.6490367 0.6621337 0.6233232 
395 0.6490367 0.6636748 0.6211708 
396 0.6490367 0.6606308 0.6267216 
397 0.6490367 0.6600145 0.6267517 
398 0.6490367 0.6607004 0.6265134 
399 0.6490367 0.6622539 0.6238481 
400 0.6490367 0.6599677 0.6273846 
401 0.6490367 0.6598878 0.6284025 
402 0.6490367 0.6600722 0.6266346 
403 0.6490367 0.6601715 0.6267836 
404 0.6490367 0.6613916 0.6250732 
405 0.6490367 0.6620956 0.6240402 
406 0.6490367 0.6624781 0.6224118 
407 0.6490367 0.6620162 0.6241921 
408 0.6490367 0.6603234 0.6273371 
409 0.6490367 0.6625791 0.6231999 
410 0.6490367 0.6616075 0.624735 
411 0.6490367 0.6560225 0.6350287 
412 0.6490367 0.6610199 0.6262996 
413 0.6490367 0.6602864 0.6279465 
414 0.6490367 0.6600696 0.6281256 
415 0.6490367 0.6624813 0.6229884 
416 0.6490367 0.660442 0.626694 
417 0.6490367 0.6615606 0.624611 
418 0.6490367 0.6597238 0.6282852 
419 0.6490367 0.6628836 0.6209589 
420 0.6490367 0.659841 0.62815 
421 0.6490367 0.6661193 0.6172895 
422 0.6490367 0.6612487 0.6253505 
423 0.6490367 0.6623082 0.6234087 
424 0.6490367 0.6609634 0.6243586 
425 0.6490367 0.6629987 0.6222232 
426 0.6490367 0.661525 0.6259537 
427 0.6490367 0.6646389 0.6186744 
428 0.6490367 0.6599035 0.6283273 
429 0.6490367 0.661908 0.6250377 
430 0.6490367 0.6612296 0.625204 
431 0.6490367 0.662612 0.6232787 
432 0.6490367 0.6622272 0.6236491 
433 0.6490367 0.6624033 0.6229675 
434 0.6490367 0.6613753 0.6254708 
435 0.6490367 0.6600427 0.6272602 
436 0.6490367 0.6607983 0.6259449 
437 0.6490367 0.6622396 0.6250005 
438 0.6490367 0.6602371 0.6269737 
439 0.6490367 0.6618003 0.6247924 
440 0.6490367 0.6617901 0.6251796 
441 0.6490367 0.6625299 0.6238508 
442 0.6490367 0.6588357 0.6301974 
443 0.6490367 0.6635136 0.6208954 
444 0.6490367 0.6624079 0.6232445 
445 0.6490367 0.662535 0.6219699 
446 0.6490367 0.6604125 0.6264031 
447 0.6490367 0.6615325 0.6249862 
448 0.6490367 0.6610618 0.6266886 
449 0.6490367 0.6622381 0.6240977 
450 0.6490367 0.6615857 0.6247772 
451 0.6490367 0.6646967 0.6186962 
452 0.6490367 0.6619219 0.6234283 
453 0.6490367 0.662546 0.622307 
454 0.6490367 0.6628583 0.6209158 
455 0.6490367 0.6584363 0.6314342 
456 0.6490367 0.6611575 0.6234122 
457 0.6490367 0.663182 0.62202 
458 0.6490367 0.6637248 0.6202631 
459 0.6490367 0.658687 0.6294026 
460 0.6490367 0.6629494 0.6206033 
461 0.6490367 0.6588395 0.6303959 
462 0.6490367 0.6590942 0.629026 
463 0.6490367 0.6605642 0.6264796 
464 0.6490367 0.6610678 0.6256755 
465 0.6490367 0.6611965 0.6255037 
466 0.6490367 0.6609689 0.6258931 
467 0.6490367 0.6626192 0.6221622 
468 0.6490367 0.6591364 0.6290534 
469 0.6490367 0.6586757 0.6302167 
470 0.6490367 0.6627463 0.6221204 
471 0.6490367 0.6585367 0.6306511 
472 0.6490367 0.6612279 0.6252862 
473 0.6490367 0.6600409 0.627693 
474 0.6490367 0.6608904 0.6253732 
475 0.6490367 0.6614566 0.6251848 
476 0.6490367 0.6617715 0.6246338 
477 0.6490367 0.6592675 0.6290612 
478 0.6490367 0.6607416 0.6261578 
479 0.6490367 0.6584536 0.6307718 
480 0.6490367 0.6605084 0.6264643 
481 0.6490367 0.6634124 0.6220273 
482 0.6490367 0.6605258 0.6274506 
483 0.6490367 0.6601742 0.6272187 
484 0.6490367 0.6605708 0.625701 
485 0.6490367 0.6613141 0.6243355 
486 0.6490367 0.6606461 0.6259382 
487 0.6490367 0.6622009 0.6225218 
488 0.6490367 0.65913 0.6301764 
489 0.6490367 0.6623795 0.6232426 
490 0.6490367 0.6606699 0.6263481 
491 0.6490367 0.6625994 0.6236658 
492 0.6490367 0.6603086 0.6268573 
493 0.6490367 0.6582225 0.6308414 
494 0.6490367 0.6618346 0.6234884 
495 0.6490367 0.6607789 0.6263118 
496 0.6490367 0.664469 0.6190713 
497 0.6490367 0.6644825 0.6195685 
498 0.6490367 0.6598814 0.6282557 
499 0.6490367 0.6628057 0.6223009 
500 0.6490367 0.6587194 0.6299844 
