1 0.5899936 0.6742959 0.4825747 
2 0.5899936 0.673264 0.4805254 
3 0.5899936 0.6677345 0.4869658 
4 0.5899936 0.6685479 0.4838677 
5 0.5899936 0.6701752 0.4835163 
6 0.5899936 0.6699303 0.4854365 
7 0.5899936 0.6685875 0.4854135 
8 0.5899936 0.6695335 0.4797748 
9 0.5899936 0.666486 0.4898407 
10 0.5899936 0.6692749 0.4847118 
11 0.5899936 0.6697002 0.4862616 
12 0.5899936 0.6696874 0.4810104 
13 0.5899936 0.6726343 0.4801398 
14 0.5899936 0.6712447 0.4801131 
15 0.5899936 0.6631284 0.4940436 
16 0.5899936 0.6721494 0.4806738 
17 0.5899936 0.6652157 0.484906 
18 0.5899936 0.6691125 0.4829965 
19 0.5899936 0.6702623 0.4839376 
20 0.5899936 0.6691476 0.4811977 
21 0.5899936 0.6677982 0.4835939 
22 0.5899936 0.6687462 0.4781641 
23 0.5899936 0.6637976 0.4879309 
24 0.5899936 0.6699382 0.4803339 
25 0.5899936 0.6739671 0.4800455 
26 0.5899936 0.6679212 0.4846076 
27 0.5899936 0.6684901 0.4802197 
28 0.5899936 0.6669492 0.4881095 
29 0.5899936 0.6698468 0.4846993 
30 0.5899936 0.6703778 0.4784915 
31 0.5899936 0.671121 0.479387 
32 0.5899936 0.6639761 0.4863214 
33 0.5899936 0.6686459 0.4792145 
34 0.5899936 0.6668132 0.4856841 
35 0.5899936 0.6729771 0.4767416 
36 0.5899936 0.6723209 0.4811077 
37 0.5899936 0.6697161 0.4792969 
38 0.5899936 0.6661951 0.4877732 
39 0.5899936 0.6629984 0.4866431 
40 0.5899936 0.6612705 0.4901129 
41 0.5899936 0.6681462 0.4855793 
42 0.5899936 0.6698823 0.4839052 
43 0.5899936 0.6691639 0.4848593 
44 0.5899936 0.6701233 0.4797447 
45 0.5899936 0.664388 0.4890795 
46 0.5899936 0.6654261 0.4804402 
47 0.5899936 0.666916 0.4864925 
48 0.5899936 0.6755007 0.4796056 
49 0.5899936 0.6686967 0.4854796 
50 0.5899936 0.6716718 0.4805373 
51 0.5899936 0.6634907 0.4919976 
52 0.5899936 0.6702094 0.4798502 
53 0.5899936 0.66376 0.4894228 
54 0.5899936 0.6682699 0.4850962 
55 0.5899936 0.6666066 0.4840462 
56 0.5899936 0.6682184 0.485059 
57 0.5899936 0.6706859 0.4794206 
58 0.5899936 0.6640706 0.4858711 
59 0.5899936 0.6642568 0.4804645 
60 0.5899936 0.6666683 0.4912071 
61 0.5899936 0.6683898 0.4865161 
62 0.5899936 0.674255 0.4773038 
63 0.5899936 0.6732186 0.4806953 
64 0.5899936 0.6677583 0.4842936 
65 0.5899936 0.6718212 0.4806693 
66 0.5899936 0.6642058 0.4886095 
67 0.5899936 0.6700492 0.4789474 
68 0.5899936 0.670644 0.4802602 
69 0.5899936 0.6728174 0.4774172 
70 0.5899936 0.6704521 0.4815151 
71 0.5899936 0.6695508 0.4824038 
72 0.5899936 0.6692575 0.4807141 
73 0.5899936 0.6699947 0.4834333 
74 0.5899936 0.6674224 0.4833525 
75 0.5899936 0.669597 0.480691 
76 0.5899936 0.6674256 0.4925109 
77 0.5899936 0.6684792 0.4867114 
78 0.5899936 0.6661538 0.4902757 
79 0.5899936 0.6713621 0.4806208 
80 0.5899936 0.6707394 0.4820056 
81 0.5899936 0.672202 0.4842905 
82 0.5899936 0.6673849 0.4827521 
83 0.5899936 0.6655632 0.4887234 
84 0.5899936 0.665702 0.4883319 
85 0.5899936 0.6744703 0.4754031 
86 0.5899936 0.6731764 0.4793074 
87 0.5899936 0.6649991 0.4840271 
88 0.5899936 0.6675913 0.4819177 
89 0.5899936 0.6737815 0.4828 
90 0.5899936 0.6671441 0.4831944 
91 0.5899936 0.6682786 0.481624 
92 0.5899936 0.6671576 0.4852165 
93 0.5899936 0.6711636 0.4760176 
94 0.5899936 0.6761904 0.4748319 
95 0.5899936 0.6690247 0.4840847 
96 0.5899936 0.6707394 0.4784445 
97 0.5899936 0.6685403 0.4835549 
98 0.5899936 0.6646681 0.4862005 
99 0.5899936 0.6709897 0.4810111 
100 0.5899936 0.6682203 0.4850566 
101 0.5899936 0.6743671 0.4777229 
102 0.5899936 0.6733755 0.4802681 
103 0.5899936 0.6695963 0.4827776 
104 0.5899936 0.6670263 0.4887254 
105 0.5899936 0.6713961 0.4809068 
106 0.5899936 0.6684734 0.484717 
107 0.5899936 0.6691091 0.4863017 
108 0.5899936 0.6686453 0.4876345 
109 0.5899936 0.6678703 0.4831704 
110 0.5899936 0.6726723 0.4765836 
111 0.5899936 0.6630458 0.4869971 
112 0.5899936 0.6706446 0.4790274 
113 0.5899936 0.6660676 0.4851119 
114 0.5899936 0.670587 0.4806707 
115 0.5899936 0.6699956 0.485034 
116 0.5899936 0.665501 0.4839688 
117 0.5899936 0.6693273 0.4869547 
118 0.5899936 0.6672738 0.4819207 
119 0.5899936 0.6701301 0.4824946 
120 0.5899936 0.6688865 0.4835181 
121 0.5899936 0.6693071 0.4793029 
122 0.5899936 0.67162 0.4799405 
123 0.5899936 0.6671257 0.4828936 
124 0.5899936 0.6714267 0.4761131 
125 0.5899936 0.6668484 0.4904754 
126 0.5899936 0.6692502 0.4817181 
127 0.5899936 0.6709845 0.4792366 
128 0.5899936 0.6667501 0.4846001 
129 0.5899936 0.6699405 0.4832901 
130 0.5899936 0.6651953 0.488191 
131 0.5899936 0.6686745 0.480074 
132 0.5899936 0.6698095 0.4816155 
133 0.5899936 0.6647576 0.4868133 
134 0.5899936 0.6702151 0.4805111 
135 0.5899936 0.6686961 0.4790307 
136 0.5899936 0.6639757 0.4883064 
137 0.5899936 0.6664066 0.4847516 
138 0.5899936 0.6647609 0.4875397 
139 0.5899936 0.6711051 0.4788462 
140 0.5899936 0.6687525 0.479403 
141 0.5899936 0.6677322 0.4872805 
142 0.5899936 0.6716752 0.4849679 
143 0.5899936 0.6704 0.4768593 
144 0.5899936 0.663559 0.4941574 
145 0.5899936 0.6662607 0.4864343 
146 0.5899936 0.6668832 0.4879909 
147 0.5899936 0.6672219 0.4849162 
148 0.5899936 0.669071 0.4868729 
149 0.5899936 0.6632611 0.4901029 
150 0.5899936 0.6666273 0.4842329 
151 0.5899936 0.6682489 0.4868063 
152 0.5899936 0.6699055 0.4878615 
153 0.5899936 0.6668792 0.4844228 
154 0.5899936 0.672232 0.4808951 
155 0.5899936 0.6717253 0.4809079 
156 0.5899936 0.6680888 0.483521 
157 0.5899936 0.6715821 0.4777376 
158 0.5899936 0.6723139 0.4791172 
159 0.5899936 0.6673141 0.4835017 
160 0.5899936 0.6675102 0.4864291 
161 0.5899936 0.6666583 0.4816831 
162 0.5899936 0.6699177 0.4839654 
163 0.5899936 0.6662429 0.4889426 
164 0.5899936 0.6667673 0.4904803 
165 0.5899936 0.6708907 0.4801474 
166 0.5899936 0.6667947 0.4868646 
167 0.5899936 0.668828 0.4814165 
168 0.5899936 0.6656707 0.4898021 
169 0.5899936 0.6675067 0.4833449 
170 0.5899936 0.6730183 0.4786202 
171 0.5899936 0.6725457 0.4838487 
172 0.5899936 0.6701665 0.4843844 
173 0.5899936 0.6711083 0.4822771 
174 0.5899936 0.6646135 0.4876378 
175 0.5899936 0.6678521 0.4838438 
176 0.5899936 0.6683958 0.4812408 
177 0.5899936 0.6683561 0.4834811 
178 0.5899936 0.6676763 0.4864168 
179 0.5899936 0.6641733 0.4851938 
180 0.5899936 0.6655488 0.4893552 
181 0.5899936 0.6689362 0.4833431 
182 0.5899936 0.6666443 0.4852781 
183 0.5899936 0.6707513 0.4870913 
184 0.5899936 0.6638643 0.4916983 
185 0.5899936 0.6636014 0.485363 
186 0.5899936 0.667178 0.4873927 
187 0.5899936 0.6642414 0.4874215 
188 0.5899936 0.6730676 0.4785542 
189 0.5899936 0.6699608 0.478844 
190 0.5899936 0.6651878 0.4840851 
191 0.5899936 0.6718044 0.4858541 
192 0.5899936 0.6665896 0.4859878 
193 0.5899936 0.6674399 0.488079 
194 0.5899936 0.6719966 0.484978 
195 0.5899936 0.664826 0.4860869 
196 0.5899936 0.6646504 0.4880022 
197 0.5899936 0.6693552 0.4794611 
198 0.5899936 0.6690755 0.4856111 
199 0.5899936 0.6649233 0.4896825 
200 0.5899936 0.6667671 0.4818608 
201 0.5899936 0.6672382 0.485107 
202 0.5899936 0.6688656 0.4816953 
203 0.5899936 0.6659198 0.4865831 
204 0.5899936 0.6685905 0.4866691 
205 0.5899936 0.6660279 0.4887171 
206 0.5899936 0.6672157 0.4844975 
207 0.5899936 0.6712754 0.482599 
208 0.5899936 0.6700437 0.4826105 
209 0.5899936 0.6704759 0.4766369 
210 0.5899936 0.6671305 0.4771575 
211 0.5899936 0.6663107 0.4898685 
212 0.5899936 0.6664236 0.4863182 
213 0.5899936 0.6740447 0.4790521 
214 0.5899936 0.6657772 0.4848731 
215 0.5899936 0.6728468 0.4805227 
216 0.5899936 0.6691367 0.4836121 
217 0.5899936 0.6681538 0.4833243 
218 0.5899936 0.6661604 0.4862555 
219 0.5899936 0.6699712 0.483249 
220 0.5899936 0.6645786 0.4906475 
221 0.5899936 0.6697471 0.4821383 
222 0.5899936 0.6731127 0.4799494 
223 0.5899936 0.6665609 0.4851796 
224 0.5899936 0.6681183 0.4868745 
225 0.5899936 0.6671696 0.4871964 
226 0.5899936 0.6729393 0.4818283 
227 0.5899936 0.6680945 0.4852253 
228 0.5899936 0.6672041 0.4914132 
229 0.5899936 0.6734037 0.4793408 
230 0.5899936 0.666482 0.4873884 
231 0.5899936 0.6703253 0.4850257 
232 0.5899936 0.6677346 0.4844329 
233 0.5899936 0.6702108 0.4834689 
234 0.5899936 0.6684877 0.4815552 
235 0.5899936 0.6664565 0.4889659 
236 0.5899936 0.6642613 0.4889445 
237 0.5899936 0.6663507 0.4837538 
238 0.5899936 0.6690875 0.4801696 
239 0.5899936 0.6693894 0.4875984 
240 0.5899936 0.6696983 0.4839355 
241 0.5899936 0.6662468 0.4894463 
242 0.5899936 0.6677848 0.4853235 
243 0.5899936 0.6667012 0.4868859 
244 0.5899936 0.6694263 0.4821358 
245 0.5899936 0.6728616 0.4832278 
246 0.5899936 0.6679452 0.4847885 
247 0.5899936 0.6677454 0.4804828 
248 0.5899936 0.6698969 0.4842069 
249 0.5899936 0.6685368 0.4835597 
250 0.5899936 0.6739656 0.4813689 
251 0.5899936 0.6677274 0.4863487 
252 0.5899936 0.6686959 0.4843116 
253 0.5899936 0.6635197 0.4885216 
254 0.5899936 0.6681854 0.4865773 
255 0.5899936 0.6672774 0.4847341 
256 0.5899936 0.6691369 0.484895 
257 0.5899936 0.669075 0.4844452 
258 0.5899936 0.6656912 0.4917763 
259 0.5899936 0.6697442 0.4847284 
260 0.5899936 0.6702492 0.4885495 
261 0.5899936 0.67362 0.4773581 
262 0.5899936 0.6673457 0.4850674 
263 0.5899936 0.6690067 0.489213 
264 0.5899936 0.6644966 0.4863335 
265 0.5899936 0.6736304 0.4743331 
266 0.5899936 0.6749266 0.4787893 
267 0.5899936 0.6714245 0.4785218 
268 0.5899936 0.6657653 0.4846755 
269 0.5899936 0.6728338 0.4803186 
270 0.5899936 0.6704731 0.4782457 
271 0.5899936 0.6679654 0.4829313 
272 0.5899936 0.6688903 0.4808882 
273 0.5899936 0.6718777 0.4788072 
274 0.5899936 0.67056 0.4836516 
275 0.5899936 0.6654265 0.487255 
276 0.5899936 0.6661274 0.4822134 
277 0.5899936 0.6634407 0.4915678 
278 0.5899936 0.6666111 0.4901813 
279 0.5899936 0.6675826 0.4897269 
280 0.5899936 0.6716319 0.4798129 
281 0.5899936 0.6680495 0.482598 
282 0.5899936 0.6653649 0.4861863 
283 0.5899936 0.6716795 0.4749418 
284 0.5899936 0.6735662 0.4768591 
285 0.5899936 0.6647835 0.4864622 
286 0.5899936 0.6673641 0.4870414 
287 0.5899936 0.6718179 0.4812249 
288 0.5899936 0.6719655 0.4775532 
289 0.5899936 0.6650343 0.4871651 
290 0.5899936 0.6724325 0.4800751 
291 0.5899936 0.6692445 0.4875792 
292 0.5899936 0.6679168 0.4860961 
293 0.5899936 0.669003 0.4851789 
294 0.5899936 0.67141 0.478993 
295 0.5899936 0.6662182 0.4844762 
296 0.5899936 0.6718393 0.4808661 
297 0.5899936 0.6740507 0.4766633 
298 0.5899936 0.6709316 0.4856094 
299 0.5899936 0.6691009 0.4778896 
300 0.5899936 0.6673793 0.4851283 
301 0.5899936 0.6708232 0.4831964 
302 0.5899936 0.6688975 0.4862657 
303 0.5899936 0.6684501 0.4794903 
304 0.5899936 0.6700065 0.4804628 
305 0.5899936 0.6656971 0.4861515 
306 0.5899936 0.6699284 0.482548 
307 0.5899936 0.6691211 0.4815649 
308 0.5899936 0.6719199 0.4819657 
309 0.5899936 0.6622023 0.4868261 
310 0.5899936 0.6716864 0.4825992 
311 0.5899936 0.6634312 0.4868751 
312 0.5899936 0.6689395 0.4862103 
313 0.5899936 0.6655389 0.4833734 
314 0.5899936 0.6691154 0.481242 
315 0.5899936 0.670527 0.4825073 
316 0.5899936 0.6642431 0.4835843 
317 0.5899936 0.6708501 0.4851883 
318 0.5899936 0.6621601 0.4848607 
319 0.5899936 0.6751573 0.4779233 
320 0.5899936 0.669557 0.4821772 
321 0.5899936 0.6713053 0.4726255 
322 0.5899936 0.6681824 0.4841472 
323 0.5899936 0.6655676 0.4887175 
324 0.5899936 0.6699169 0.4808073 
325 0.5899936 0.6711284 0.4810453 
326 0.5899936 0.6593811 0.4937452 
327 0.5899936 0.669839 0.4792389 
328 0.5899936 0.6641566 0.4880577 
329 0.5899936 0.6692221 0.4819759 
330 0.5899936 0.6684791 0.4841751 
331 0.5899936 0.6702031 0.4838015 
332 0.5899936 0.6711839 0.4860187 
333 0.5899936 0.6697741 0.4861654 
334 0.5899936 0.6710782 0.4797812 
335 0.5899936 0.6687152 0.4866096 
336 0.5899936 0.6664848 0.4862352 
337 0.5899936 0.6657742 0.4858343 
338 0.5899936 0.6656703 0.4822021 
339 0.5899936 0.670372 0.4814034 
340 0.5899936 0.6700295 0.4808752 
341 0.5899936 0.6659086 0.4906969 
342 0.5899936 0.6682415 0.4812338 
343 0.5899936 0.67088 0.4815984 
344 0.5899936 0.6698853 0.4830397 
345 0.5899936 0.6705549 0.48247 
346 0.5899936 0.6718286 0.4806595 
347 0.5899936 0.6696002 0.482337 
348 0.5899936 0.6621169 0.4883067 
349 0.5899936 0.6672823 0.4833289 
350 0.5899936 0.6694317 0.4774207 
351 0.5899936 0.6642824 0.4888132 
352 0.5899936 0.6691649 0.4832505 
353 0.5899936 0.6683288 0.4815545 
354 0.5899936 0.6710188 0.4828298 
355 0.5899936 0.6665967 0.4860834 
356 0.5899936 0.6670043 0.4852123 
357 0.5899936 0.6701137 0.4839199 
358 0.5899936 0.6692613 0.4831206 
359 0.5899936 0.6649 0.4848126 
360 0.5899936 0.6659657 0.4908223 
361 0.5899936 0.6690364 0.4796807 
362 0.5899936 0.6695305 0.4827576 
363 0.5899936 0.6708482 0.4833789 
364 0.5899936 0.6666163 0.4859514 
365 0.5899936 0.6741671 0.4774214 
366 0.5899936 0.6699275 0.4825492 
367 0.5899936 0.672111 0.47678 
368 0.5899936 0.666628 0.4867756 
369 0.5899936 0.6658827 0.4872604 
370 0.5899936 0.6711021 0.4814107 
371 0.5899936 0.6671686 0.482725 
372 0.5899936 0.6653335 0.4834461 
373 0.5899936 0.6678872 0.4845469 
374 0.5899936 0.6696097 0.4888513 
375 0.5899936 0.6686643 0.4813113 
376 0.5899936 0.6693047 0.4794189 
377 0.5899936 0.6679248 0.4870259 
378 0.5899936 0.6672404 0.4827344 
379 0.5899936 0.6732802 0.4784949 
380 0.5899936 0.6668879 0.484625 
381 0.5899936 0.6701013 0.4803331 
382 0.5899936 0.6631676 0.4879752 
383 0.5899936 0.6698854 0.48217 
384 0.5899936 0.6670279 0.4818247 
385 0.5899936 0.6658357 0.4893807 
386 0.5899936 0.6693037 0.4820838 
387 0.5899936 0.6674958 0.4846505 
388 0.5899936 0.6731074 0.4840891 
389 0.5899936 0.6677672 0.4871304 
390 0.5899936 0.6690741 0.4844464 
391 0.5899936 0.6677935 0.48446 
392 0.5899936 0.6680933 0.4835148 
393 0.5899936 0.6703178 0.4847175 
394 0.5899936 0.6675055 0.4883009 
395 0.5899936 0.6689999 0.4840107 
396 0.5899936 0.6703922 0.4833359 
397 0.5899936 0.6688828 0.4839534 
398 0.5899936 0.6680508 0.4848592 
399 0.5899936 0.6707406 0.481566 
400 0.5899936 0.6681693 0.4865986 
401 0.5899936 0.6690029 0.4844347 
402 0.5899936 0.6684728 0.478893 
403 0.5899936 0.6666781 0.4863938 
404 0.5899936 0.6705142 0.4903355 
405 0.5899936 0.6660696 0.488559 
406 0.5899936 0.6705526 0.4803845 
407 0.5899936 0.6651306 0.4885872 
408 0.5899936 0.665066 0.4850083 
409 0.5899936 0.6656439 0.4892286 
410 0.5899936 0.6660644 0.4876383 
411 0.5899936 0.667467 0.485751 
412 0.5899936 0.6703498 0.4811029 
413 0.5899936 0.6637312 0.4937392 
414 0.5899936 0.6642609 0.4877068 
415 0.5899936 0.670927 0.4793152 
416 0.5899936 0.6669332 0.4838108 
417 0.5899936 0.6700147 0.4854316 
418 0.5899936 0.6682113 0.4851747 
419 0.5899936 0.6698807 0.4836926 
420 0.5899936 0.6712519 0.4820864 
421 0.5899936 0.6705825 0.4843706 
422 0.5899936 0.665479 0.4830222 
423 0.5899936 0.6700135 0.4813386 
424 0.5899936 0.6713951 0.4756924 
425 0.5899936 0.6697872 0.4825204 
426 0.5899936 0.6695907 0.4834341 
427 0.5899936 0.6683194 0.4823361 
428 0.5899936 0.669981 0.4817125 
429 0.5899936 0.667811 0.4888223 
430 0.5899936 0.6703483 0.4796595 
431 0.5899936 0.6686606 0.4826326 
432 0.5899936 0.670568 0.4814687 
433 0.5899936 0.6700681 0.4809332 
434 0.5899936 0.668719 0.48545 
435 0.5899936 0.6626557 0.4884823 
436 0.5899936 0.6674294 0.4848473 
437 0.5899936 0.6709808 0.4834194 
438 0.5899936 0.6680377 0.4839139 
439 0.5899936 0.6705792 0.4840548 
440 0.5899936 0.6655927 0.4890929 
441 0.5899936 0.6712533 0.4813183 
442 0.5899936 0.6682172 0.485801 
443 0.5899936 0.6716708 0.4814205 
444 0.5899936 0.6680388 0.4867712 
445 0.5899936 0.6674997 0.4817151 
446 0.5899936 0.6679944 0.4868299 
447 0.5899936 0.6681193 0.4833713 
448 0.5899936 0.6732311 0.4874874 
449 0.5899936 0.6744348 0.4763756 
450 0.5899936 0.6674337 0.4837694 
451 0.5899936 0.669752 0.4802555 
452 0.5899936 0.6680906 0.4805558 
453 0.5899936 0.6712831 0.4778075 
454 0.5899936 0.6696436 0.4805159 
455 0.5899936 0.6665011 0.4902241 
456 0.5899936 0.662675 0.4865743 
457 0.5899936 0.6695151 0.4873329 
458 0.5899936 0.6700879 0.4790066 
459 0.5899936 0.6643594 0.485038 
460 0.5899936 0.6733498 0.4781755 
461 0.5899936 0.6659568 0.4909339 
462 0.5899936 0.6646871 0.4900998 
463 0.5899936 0.6699374 0.4812216 
464 0.5899936 0.6641314 0.4872605 
465 0.5899936 0.6703462 0.483612 
466 0.5899936 0.6659776 0.486189 
467 0.5899936 0.6684566 0.4808238 
468 0.5899936 0.6725957 0.4810746 
469 0.5899936 0.6681798 0.4853229 
470 0.5899936 0.6700459 0.4790648 
471 0.5899936 0.6681977 0.4854048 
472 0.5899936 0.6654736 0.485825 
473 0.5899936 0.6685049 0.4852061 
474 0.5899936 0.6689625 0.4772827 
475 0.5899936 0.6727102 0.4827772 
476 0.5899936 0.6688155 0.4858491 
477 0.5899936 0.6630184 0.4889057 
478 0.5899936 0.6696417 0.479961 
479 0.5899936 0.6621903 0.4883071 
480 0.5899936 0.6683465 0.4836021 
481 0.5899936 0.6677897 0.484892 
482 0.5899936 0.669568 0.4847486 
483 0.5899936 0.6670247 0.4894399 
484 0.5899936 0.6648012 0.4861214 
485 0.5899936 0.6680594 0.4831282 
486 0.5899936 0.6654653 0.4853058 
487 0.5899936 0.6686314 0.4795731 
488 0.5899936 0.672602 0.4829174 
489 0.5899936 0.6690802 0.4824968 
490 0.5899936 0.6694784 0.4827192 
491 0.5899936 0.6731442 0.4839358 
492 0.5899936 0.6647556 0.4832871 
493 0.5899936 0.6670048 0.4859524 
494 0.5899936 0.6720077 0.477951 
495 0.5899936 0.672445 0.4820385 
496 0.5899936 0.6775041 0.4731951 
497 0.5899936 0.6673907 0.4845797 
498 0.5899936 0.6635815 0.494321 
499 0.5899936 0.669671 0.4808113 
500 0.5899936 0.6684597 0.4868412 
