1 0.6524017 0.6638799 0.6310702 
2 0.6524017 0.6670632 0.6249454 
3 0.6524017 0.6651351 0.6276496 
4 0.6524017 0.6656945 0.6271799 
5 0.6524017 0.6636629 0.6307752 
6 0.6524017 0.6688882 0.6218953 
7 0.6524017 0.6644557 0.6294046 
8 0.6524017 0.6620948 0.6326585 
9 0.6524017 0.6619421 0.633525 
10 0.6524017 0.6623372 0.6331097 
11 0.6524017 0.6666943 0.6247106 
12 0.6524017 0.6649603 0.6280701 
13 0.6524017 0.6643852 0.6300338 
14 0.6524017 0.6625648 0.6317012 
15 0.6524017 0.6636488 0.630369 
16 0.6524017 0.6662443 0.6263371 
17 0.6524017 0.663414 0.6298707 
18 0.6524017 0.6637571 0.6299339 
19 0.6524017 0.6635782 0.6297895 
20 0.6524017 0.6635906 0.6298654 
21 0.6524017 0.66705 0.6238328 
22 0.6524017 0.6629561 0.6310719 
23 0.6524017 0.6656538 0.6263261 
24 0.6524017 0.665437 0.6268659 
25 0.6524017 0.6632487 0.6313165 
26 0.6524017 0.6630077 0.631648 
27 0.6524017 0.6641656 0.6290738 
28 0.6524017 0.6623863 0.632907 
29 0.6524017 0.6635572 0.6313967 
30 0.6524017 0.6643047 0.6289807 
31 0.6524017 0.6655962 0.6259145 
32 0.6524017 0.6629767 0.6320929 
33 0.6524017 0.6635063 0.6297836 
34 0.6524017 0.6688476 0.6210255 
35 0.6524017 0.6651427 0.627276 
36 0.6524017 0.6644928 0.6301498 
37 0.6524017 0.6636265 0.6300438 
38 0.6524017 0.6649085 0.6282238 
39 0.6524017 0.6626555 0.6317026 
40 0.6524017 0.6634713 0.6299053 
41 0.6524017 0.6659638 0.6266124 
42 0.6524017 0.6640454 0.6299171 
43 0.6524017 0.6642197 0.6293274 
44 0.6524017 0.6639622 0.6292723 
45 0.6524017 0.6636904 0.630214 
46 0.6524017 0.6642527 0.6283443 
47 0.6524017 0.6648094 0.6281223 
48 0.6524017 0.664359 0.6302521 
49 0.6524017 0.6640399 0.6290909 
50 0.6524017 0.6670298 0.6249181 
51 0.6524017 0.6620834 0.6338084 
52 0.6524017 0.6641491 0.6292869 
53 0.6524017 0.6637247 0.6300972 
54 0.6524017 0.6627433 0.6316415 
55 0.6524017 0.6604477 0.6366225 
56 0.6524017 0.6639514 0.6306069 
57 0.6524017 0.6627837 0.6315838 
58 0.6524017 0.6624676 0.6314325 
59 0.6524017 0.6687659 0.6182348 
60 0.6524017 0.6643756 0.6300273 
61 0.6524017 0.664568 0.6290369 
62 0.6524017 0.6637508 0.6309854 
63 0.6524017 0.6641187 0.6310937 
64 0.6524017 0.6623542 0.6327316 
65 0.6524017 0.6647085 0.6281593 
66 0.6524017 0.6627315 0.6322331 
67 0.6524017 0.6659475 0.6258072 
68 0.6524017 0.6667331 0.624077 
69 0.6524017 0.6651665 0.6273682 
70 0.6524017 0.6643486 0.6298818 
71 0.6524017 0.6647325 0.6283261 
72 0.6524017 0.663485 0.6303255 
73 0.6524017 0.6653149 0.6279269 
74 0.6524017 0.6665529 0.6256097 
75 0.6524017 0.6632058 0.6309295 
76 0.6524017 0.6665569 0.6271274 
77 0.6524017 0.6651486 0.6277053 
78 0.6524017 0.6663952 0.6268987 
79 0.6524017 0.6678526 0.6225652 
80 0.6524017 0.6643323 0.6297149 
81 0.6524017 0.6644097 0.6295175 
82 0.6524017 0.6656551 0.626893 
83 0.6524017 0.6654557 0.6273597 
84 0.6524017 0.6656363 0.6265043 
85 0.6524017 0.6655269 0.6263744 
86 0.6524017 0.6621872 0.6339764 
87 0.6524017 0.6633705 0.6302593 
88 0.6524017 0.664122 0.6298687 
89 0.6524017 0.663761 0.6304905 
90 0.6524017 0.6640134 0.6296045 
91 0.6524017 0.6665193 0.6245304 
92 0.6524017 0.6597057 0.6376244 
93 0.6524017 0.6657672 0.6266207 
94 0.6524017 0.6658154 0.626613 
95 0.6524017 0.6669468 0.6239713 
96 0.6524017 0.6673361 0.6224887 
97 0.6524017 0.6632459 0.6314611 
98 0.6524017 0.6654989 0.6255447 
99 0.6524017 0.6628623 0.6317044 
100 0.6524017 0.6626886 0.6318891 
101 0.6524017 0.6651245 0.6293146 
102 0.6524017 0.6659954 0.6264672 
103 0.6524017 0.6636825 0.6306659 
104 0.6524017 0.6645178 0.6293622 
105 0.6524017 0.6639316 0.6298401 
106 0.6524017 0.6643836 0.6295172 
107 0.6524017 0.6650451 0.628673 
108 0.6524017 0.6666196 0.6245801 
109 0.6524017 0.6633141 0.6311661 
110 0.6524017 0.6686441 0.6206185 
111 0.6524017 0.6627578 0.6318199 
112 0.6524017 0.6643802 0.6292962 
113 0.6524017 0.6652441 0.6272717 
114 0.6524017 0.6678709 0.622098 
115 0.6524017 0.66574 0.6276401 
116 0.6524017 0.6634776 0.6309191 
117 0.6524017 0.6662484 0.6262436 
118 0.6524017 0.6659888 0.6249125 
119 0.6524017 0.6661695 0.6265062 
120 0.6524017 0.6646995 0.6279337 
121 0.6524017 0.6643518 0.6295277 
122 0.6524017 0.6645129 0.6291172 
123 0.6524017 0.6661343 0.6259125 
124 0.6524017 0.6683949 0.6207223 
125 0.6524017 0.6659314 0.6267865 
126 0.6524017 0.6644543 0.6284481 
127 0.6524017 0.662367 0.6325965 
128 0.6524017 0.6629328 0.6304882 
129 0.6524017 0.6637767 0.6298701 
130 0.6524017 0.6633302 0.6312749 
131 0.6524017 0.6628852 0.6314038 
132 0.6524017 0.6627203 0.6322326 
133 0.6524017 0.6640284 0.6297259 
134 0.6524017 0.6658023 0.6253502 
135 0.6524017 0.6646968 0.6273868 
136 0.6524017 0.6648687 0.6279252 
137 0.6524017 0.6651241 0.6276983 
138 0.6524017 0.6631559 0.6308855 
139 0.6524017 0.6684045 0.6213629 
140 0.6524017 0.6602884 0.6361565 
141 0.6524017 0.6644549 0.6299282 
142 0.6524017 0.663875 0.6305366 
143 0.6524017 0.6644486 0.6287761 
144 0.6524017 0.6656886 0.6266592 
145 0.6524017 0.6632519 0.6312404 
146 0.6524017 0.6627801 0.6319352 
147 0.6524017 0.66565 0.6267622 
148 0.6524017 0.6652894 0.628002 
149 0.6524017 0.6627743 0.6324816 
150 0.6524017 0.6656781 0.6253902 
151 0.6524017 0.6645077 0.6288693 
152 0.6524017 0.6671435 0.6249152 
153 0.6524017 0.663317 0.6315314 
154 0.6524017 0.6646387 0.6281894 
155 0.6524017 0.6654724 0.6273001 
156 0.6524017 0.6649101 0.628459 
157 0.6524017 0.6653683 0.6274451 
158 0.6524017 0.6642484 0.6294494 
159 0.6524017 0.6637594 0.6295508 
160 0.6524017 0.6677432 0.6227439 
161 0.6524017 0.6627549 0.6311238 
162 0.6524017 0.6684431 0.62173 
163 0.6524017 0.6668913 0.6255027 
164 0.6524017 0.6617681 0.6345908 
165 0.6524017 0.6656371 0.6272611 
166 0.6524017 0.661683 0.6345185 
167 0.6524017 0.6644412 0.6281791 
168 0.6524017 0.6624656 0.6330958 
169 0.6524017 0.6653404 0.6270273 
170 0.6524017 0.6664701 0.6248421 
171 0.6524017 0.6655432 0.6279523 
172 0.6524017 0.6654746 0.6283691 
173 0.6524017 0.6649522 0.62877 
174 0.6524017 0.6646907 0.6281406 
175 0.6524017 0.6646972 0.6277742 
176 0.6524017 0.6639483 0.6289359 
177 0.6524017 0.6619038 0.6332202 
178 0.6524017 0.6634032 0.6315274 
179 0.6524017 0.6628598 0.6316634 
180 0.6524017 0.6664034 0.6256301 
181 0.6524017 0.6654239 0.627855 
182 0.6524017 0.6669669 0.6247049 
183 0.6524017 0.6647622 0.6291532 
184 0.6524017 0.6627232 0.6317511 
185 0.6524017 0.6639858 0.6294814 
186 0.6524017 0.6652692 0.6274992 
187 0.6524017 0.6647164 0.6277908 
188 0.6524017 0.6671388 0.6233074 
189 0.6524017 0.6633634 0.6303477 
190 0.6524017 0.6677824 0.6218338 
191 0.6524017 0.6644746 0.6297437 
192 0.6524017 0.6624469 0.6328752 
193 0.6524017 0.6661417 0.6268944 
194 0.6524017 0.6641842 0.6298732 
195 0.6524017 0.6646765 0.6274559 
196 0.6524017 0.6664896 0.6244653 
197 0.6524017 0.6664611 0.6236686 
198 0.6524017 0.6657471 0.6265742 
199 0.6524017 0.6626183 0.632542 
200 0.6524017 0.6654257 0.6256045 
201 0.6524017 0.6628072 0.6323082 
202 0.6524017 0.6642988 0.6289402 
203 0.6524017 0.6629794 0.6314029 
204 0.6524017 0.6648525 0.628332 
205 0.6524017 0.6655701 0.6262887 
206 0.6524017 0.6656259 0.6264098 
207 0.6524017 0.666574 0.625274 
208 0.6524017 0.6674983 0.6241922 
209 0.6524017 0.6630807 0.63038 
210 0.6524017 0.6649125 0.626486 
211 0.6524017 0.6645685 0.628751 
212 0.6524017 0.6632333 0.6305118 
213 0.6524017 0.6618159 0.6342224 
214 0.6524017 0.6639186 0.6299152 
215 0.6524017 0.6667854 0.6248694 
216 0.6524017 0.6642735 0.6289901 
217 0.6524017 0.6671349 0.6245994 
218 0.6524017 0.6604833 0.6366749 
219 0.6524017 0.6648879 0.6284753 
220 0.6524017 0.6640178 0.6303854 
221 0.6524017 0.663515 0.6301422 
222 0.6524017 0.6654871 0.6266255 
223 0.6524017 0.664092 0.6286705 
224 0.6524017 0.6671843 0.6247488 
225 0.6524017 0.6641644 0.6291539 
226 0.6524017 0.6645639 0.6287338 
227 0.6524017 0.6640269 0.6291946 
228 0.6524017 0.6640075 0.6313187 
229 0.6524017 0.6655241 0.6273937 
230 0.6524017 0.6637419 0.6303091 
231 0.6524017 0.663401 0.6307109 
232 0.6524017 0.6660901 0.6268236 
233 0.6524017 0.6662163 0.6267838 
234 0.6524017 0.664321 0.6285278 
235 0.6524017 0.6659401 0.6269932 
236 0.6524017 0.6635531 0.6307488 
237 0.6524017 0.6613105 0.6346371 
238 0.6524017 0.6645017 0.628881 
239 0.6524017 0.6671184 0.6246912 
240 0.6524017 0.6649595 0.6282053 
241 0.6524017 0.6709334 0.6184075 
242 0.6524017 0.6641989 0.6290856 
243 0.6524017 0.6646362 0.6289059 
244 0.6524017 0.6653172 0.6267902 
245 0.6524017 0.6654325 0.6278656 
246 0.6524017 0.6622434 0.6329937 
247 0.6524017 0.6631808 0.6298194 
248 0.6524017 0.6621459 0.6338114 
249 0.6524017 0.6639408 0.6302657 
250 0.6524017 0.6657973 0.6266762 
251 0.6524017 0.6678248 0.6228799 
252 0.6524017 0.663086 0.6323059 
253 0.6524017 0.6632882 0.6300276 
254 0.6524017 0.6655856 0.6270547 
255 0.6524017 0.6644412 0.6287121 
256 0.6524017 0.6648319 0.6284512 
257 0.6524017 0.6670858 0.6242635 
258 0.6524017 0.6651173 0.6286153 
259 0.6524017 0.6655216 0.6272056 
260 0.6524017 0.6648921 0.6291131 
261 0.6524017 0.664872 0.62781 
262 0.6524017 0.6633958 0.630793 
263 0.6524017 0.6660582 0.6266594 
264 0.6524017 0.6633459 0.6301602 
265 0.6524017 0.6644356 0.6270186 
266 0.6524017 0.6665235 0.6252217 
267 0.6524017 0.6626951 0.6319445 
268 0.6524017 0.6678072 0.6225544 
269 0.6524017 0.6665463 0.6254161 
270 0.6524017 0.6666628 0.624059 
271 0.6524017 0.6637323 0.6295033 
272 0.6524017 0.6661765 0.625477 
273 0.6524017 0.6640913 0.6291179 
274 0.6524017 0.664575 0.6279646 
275 0.6524017 0.6673488 0.6230559 
276 0.6524017 0.6639051 0.628813 
277 0.6524017 0.6643393 0.6294761 
278 0.6524017 0.6641172 0.6295527 
279 0.6524017 0.6631411 0.6331437 
280 0.6524017 0.6645485 0.6286065 
281 0.6524017 0.6635696 0.6300329 
282 0.6524017 0.6670328 0.6242415 
283 0.6524017 0.6667158 0.6235384 
284 0.6524017 0.6657991 0.6261856 
285 0.6524017 0.6637237 0.6300497 
286 0.6524017 0.6664157 0.6243008 
287 0.6524017 0.6660499 0.6261043 
288 0.6524017 0.6622634 0.6327588 
289 0.6524017 0.6652608 0.6275154 
290 0.6524017 0.6619107 0.6339989 
291 0.6524017 0.6654914 0.6275925 
292 0.6524017 0.6683755 0.6223898 
293 0.6524017 0.6649913 0.6280637 
294 0.6524017 0.6641871 0.6291862 
295 0.6524017 0.6638695 0.6292001 
296 0.6524017 0.66485 0.6290136 
297 0.6524017 0.6652005 0.6272458 
298 0.6524017 0.6633683 0.6315709 
299 0.6524017 0.6649083 0.6273515 
300 0.6524017 0.664059 0.6300635 
301 0.6524017 0.6690939 0.6215147 
302 0.6524017 0.6672271 0.6239927 
303 0.6524017 0.6675517 0.6222588 
304 0.6524017 0.6657378 0.6262479 
305 0.6524017 0.6650473 0.6284603 
306 0.6524017 0.660899 0.636208 
307 0.6524017 0.6664781 0.6246425 
308 0.6524017 0.6653535 0.6278269 
309 0.6524017 0.6662139 0.6249816 
310 0.6524017 0.6656932 0.6265363 
311 0.6524017 0.6665847 0.6236746 
312 0.6524017 0.6675105 0.6223742 
313 0.6524017 0.6647524 0.6273859 
314 0.6524017 0.6641896 0.6285791 
315 0.6524017 0.6657971 0.6268734 
316 0.6524017 0.6651115 0.6267161 
317 0.6524017 0.6609592 0.6360934 
318 0.6524017 0.666659 0.6240033 
319 0.6524017 0.6670555 0.6244753 
320 0.6524017 0.6645989 0.6286132 
321 0.6524017 0.6657197 0.6248138 
322 0.6524017 0.6677301 0.6222072 
323 0.6524017 0.6652308 0.628113 
324 0.6524017 0.6691211 0.6210915 
325 0.6524017 0.6646226 0.6285934 
326 0.6524017 0.6614354 0.6346067 
327 0.6524017 0.6641099 0.6286872 
328 0.6524017 0.663525 0.6303196 
329 0.6524017 0.6667855 0.6236876 
330 0.6524017 0.6652697 0.6277977 
331 0.6524017 0.6629847 0.6327978 
332 0.6524017 0.6661001 0.6268606 
333 0.6524017 0.6655813 0.6278012 
334 0.6524017 0.666935 0.6242752 
335 0.6524017 0.6649339 0.6276054 
336 0.6524017 0.6647373 0.6285549 
337 0.6524017 0.6639819 0.6287618 
338 0.6524017 0.665069 0.6270296 
339 0.6524017 0.6654361 0.6272317 
340 0.6524017 0.6649742 0.6267937 
341 0.6524017 0.6622141 0.6339055 
342 0.6524017 0.6628076 0.6321963 
343 0.6524017 0.6672976 0.6223653 
344 0.6524017 0.6635034 0.6316797 
345 0.6524017 0.6665003 0.6257387 
346 0.6524017 0.6637563 0.6302321 
347 0.6524017 0.6669647 0.623683 
348 0.6524017 0.6638691 0.6300613 
349 0.6524017 0.6645501 0.628069 
350 0.6524017 0.6683472 0.6203207 
351 0.6524017 0.6620533 0.6337229 
352 0.6524017 0.665196 0.6277224 
353 0.6524017 0.6652027 0.6275731 
354 0.6524017 0.6654673 0.6277463 
355 0.6524017 0.6622981 0.632929 
356 0.6524017 0.6638545 0.6299661 
357 0.6524017 0.6655344 0.6270698 
358 0.6524017 0.664151 0.6288158 
359 0.6524017 0.6628347 0.631341 
360 0.6524017 0.6643661 0.6296255 
361 0.6524017 0.6654411 0.6263715 
362 0.6524017 0.6657694 0.6264739 
363 0.6524017 0.6658938 0.626576 
364 0.6524017 0.6662186 0.6262427 
365 0.6524017 0.6617741 0.6328331 
366 0.6524017 0.662575 0.6330353 
367 0.6524017 0.664585 0.6284292 
368 0.6524017 0.6641475 0.6291615 
369 0.6524017 0.6627555 0.6319611 
370 0.6524017 0.6661182 0.6256205 
371 0.6524017 0.6635323 0.6300329 
372 0.6524017 0.664617 0.6282861 
373 0.6524017 0.6651692 0.6278014 
374 0.6524017 0.6672123 0.6250262 
375 0.6524017 0.6642334 0.6293517 
376 0.6524017 0.666141 0.6246665 
377 0.6524017 0.6616477 0.6348966 
378 0.6524017 0.6677989 0.6218351 
379 0.6524017 0.6629546 0.6320236 
380 0.6524017 0.6642148 0.6296403 
381 0.6524017 0.6649206 0.6266149 
382 0.6524017 0.6617778 0.6333256 
383 0.6524017 0.6657834 0.6269555 
384 0.6524017 0.6637784 0.6294101 
385 0.6524017 0.6636159 0.6313092 
386 0.6524017 0.6654189 0.6264157 
387 0.6524017 0.6635151 0.6307271 
388 0.6524017 0.6653568 0.6281409 
389 0.6524017 0.6649947 0.6284552 
390 0.6524017 0.6670263 0.623721 
391 0.6524017 0.6651329 0.627015 
392 0.6524017 0.6657098 0.6269283 
393 0.6524017 0.6647225 0.6291771 
394 0.6524017 0.6648621 0.6279382 
395 0.6524017 0.6691235 0.6205692 
396 0.6524017 0.6628399 0.6323114 
397 0.6524017 0.6639705 0.628917 
398 0.6524017 0.6634778 0.6310132 
399 0.6524017 0.6647556 0.6288583 
400 0.6524017 0.6629722 0.6314636 
401 0.6524017 0.6636348 0.6310411 
402 0.6524017 0.6629217 0.6310462 
403 0.6524017 0.664817 0.6275898 
404 0.6524017 0.6623711 0.6330653 
405 0.6524017 0.6625568 0.6329635 
406 0.6524017 0.6666951 0.6240893 
407 0.6524017 0.662589 0.6329019 
408 0.6524017 0.6634922 0.6310794 
409 0.6524017 0.6689112 0.6209041 
410 0.6524017 0.6658423 0.6264187 
411 0.6524017 0.6643327 0.6284777 
412 0.6524017 0.6652956 0.6279368 
413 0.6524017 0.6634972 0.6316007 
414 0.6524017 0.6642193 0.6300035 
415 0.6524017 0.6670492 0.624023 
416 0.6524017 0.6623429 0.6329273 
417 0.6524017 0.6626409 0.632432 
418 0.6524017 0.6632985 0.6312432 
419 0.6524017 0.6636667 0.6295594 
420 0.6524017 0.6626309 0.632627 
421 0.6524017 0.6648858 0.6292007 
422 0.6524017 0.6640265 0.6298544 
423 0.6524017 0.6679486 0.6223799 
424 0.6524017 0.6643488 0.6276815 
425 0.6524017 0.6632259 0.6316143 
426 0.6524017 0.6633442 0.632176 
427 0.6524017 0.6671124 0.6237745 
428 0.6524017 0.6643528 0.629626 
429 0.6524017 0.6656841 0.6276362 
430 0.6524017 0.6633008 0.631098 
431 0.6524017 0.6660851 0.6264387 
432 0.6524017 0.6651591 0.6278478 
433 0.6524017 0.6671294 0.6236779 
434 0.6524017 0.6650179 0.6283056 
435 0.6524017 0.6636552 0.6301354 
436 0.6524017 0.663124 0.6313506 
437 0.6524017 0.6669745 0.6258716 
438 0.6524017 0.6628767 0.6317676 
439 0.6524017 0.6635806 0.6311675 
440 0.6524017 0.6613913 0.6355855 
441 0.6524017 0.6678406 0.623584 
442 0.6524017 0.6624047 0.6331702 
443 0.6524017 0.6663194 0.6253475 
444 0.6524017 0.6644685 0.6291258 
445 0.6524017 0.6650574 0.6270246 
446 0.6524017 0.6647927 0.6277483 
447 0.6524017 0.664836 0.6284696 
448 0.6524017 0.6637564 0.6312997 
449 0.6524017 0.6640027 0.630486 
450 0.6524017 0.6664744 0.6251966 
451 0.6524017 0.6661371 0.6257902 
452 0.6524017 0.6625146 0.6323033 
453 0.6524017 0.6654967 0.626492 
454 0.6524017 0.6670436 0.622612 
455 0.6524017 0.6633792 0.6318444 
456 0.6524017 0.6637087 0.6284976 
457 0.6524017 0.6666636 0.6251624 
458 0.6524017 0.6633123 0.6310283 
459 0.6524017 0.6633835 0.6300587 
460 0.6524017 0.6659559 0.624701 
461 0.6524017 0.6621126 0.6339359 
462 0.6524017 0.6641975 0.6289325 
463 0.6524017 0.665997 0.6257984 
464 0.6524017 0.6638575 0.6301578 
465 0.6524017 0.6626964 0.6324783 
466 0.6524017 0.666231 0.6255787 
467 0.6524017 0.6662018 0.6250967 
468 0.6524017 0.6629966 0.6314387 
469 0.6524017 0.6626206 0.6324497 
470 0.6524017 0.6648954 0.6278727 
471 0.6524017 0.6605145 0.6367011 
472 0.6524017 0.6631384 0.6314848 
473 0.6524017 0.6639962 0.6299132 
474 0.6524017 0.6647381 0.6277748 
475 0.6524017 0.6644128 0.6293349 
476 0.6524017 0.6651487 0.6279755 
477 0.6524017 0.6640519 0.6296551 
478 0.6524017 0.6643091 0.6291271 
479 0.6524017 0.6609452 0.6358308 
480 0.6524017 0.6627068 0.6321249 
481 0.6524017 0.6650053 0.6287217 
482 0.6524017 0.6658439 0.6271462 
483 0.6524017 0.6627772 0.6320765 
484 0.6524017 0.6666252 0.6236248 
485 0.6524017 0.6647442 0.6275696 
486 0.6524017 0.6625055 0.632299 
487 0.6524017 0.662554 0.6319532 
488 0.6524017 0.6624317 0.6336596 
489 0.6524017 0.6663008 0.6255322 
490 0.6524017 0.6631376 0.6314632 
491 0.6524017 0.6649527 0.6289234 
492 0.6524017 0.664838 0.6279313 
493 0.6524017 0.6636792 0.6300633 
494 0.6524017 0.6653432 0.6265669 
495 0.6524017 0.6653002 0.6274392 
496 0.6524017 0.667697 0.6227024 
497 0.6524017 0.6675647 0.6234731 
498 0.6524017 0.6643348 0.6295352 
499 0.6524017 0.6654136 0.6271362 
500 0.6524017 0.6627842 0.6319725 
