1 0.02770977 
2 0.02087735 
3 0.3805008 
4 0.4438915 
5 0.9643191 
6 0.005591716 
7 0.8362124 
8 0.2382554 
9 0.47545 
10 0.1293275 
11 0.07449104 
12 0.6405721 
13 0.7633261 
14 0.7508682 
15 0.3020101 
16 0.1972944 
17 0.7379026 
18 0.2005579 
19 0.8325525 
20 0.7858277 
21 0.648462 
22 0.8937196 
23 0.676502 
24 0.2278791 
25 0.1785275 
26 0.5633295 
27 0.455343 
28 0.1769319 
29 0.6845062 
30 0.2375022 
31 0.6783777 
32 0.965148 
33 0.9424968 
34 0.09522185 
35 0.561663 
36 0.3954664 
37 0.2083108 
38 0.3467316 
39 0.08657166 
40 0.8955889 
41 0.3693075 
42 0.7236243 
43 0.2938096 
44 0.8101618 
45 0.9746003 
46 0.807822 
47 0.8379381 
48 0.8971622 
49 0.3677462 
50 0.2120138 
51 0.9476469 
52 0.5218999 
53 0.8646586 
54 0.3059923 
55 0.5605432 
56 0.5417074 
57 0.6247352 
58 0.7361283 
59 0.004953645 
60 0.1843089 
61 0.7387396 
62 0.5241778 
63 0.4190745 
64 0.429587 
65 0.4939971 
66 0.5893976 
67 0.2754906 
68 0.8928342 
69 0.4696278 
70 0.2575202 
71 0.9374355 
72 0.5045054 
73 0.8678212 
74 0.2874995 
75 0.8834371 
76 0.3607562 
77 0.8175401 
78 0.4516325 
79 0.3475729 
80 0.2234886 
81 0.25812 
82 0.6021178 
83 0.195609 
84 0.5140113 
85 0.4544515 
86 0.07352556 
87 0.7869857 
88 0.9843555 
89 0.4690597 
90 0.3395738 
91 0.3925411 
92 0.09791344 
93 0.1647297 
94 0.500614 
95 0.02209288 
96 0.6050627 
97 0.4386464 
98 0.01557087 
99 0.7978908 
100 0.551074 
101 0.07823551 
102 0.6553881 
103 0.6982127 
104 0.1495352 
105 0.1649223 
106 0.1527089 
107 0.9760102 
108 0.7281495 
109 0.6010776 
110 0.5312732 
111 0.9638771 
112 0.7124386 
113 0.4806944 
114 0.3422658 
115 0.5151494 
116 0.6658156 
117 0.9677389 
118 0.5174605 
119 0.9418525 
120 0.9933908 
121 0.2345682 
122 0.6633628 
123 0.5118925 
124 0.08326528 
125 0.8410541 
126 0.6057975 
127 0.7700964 
128 0.1655396 
129 0.1378954 
130 0.17062 
131 0.5895395 
132 0.4462037 
133 0.6021671 
134 0.2889773 
135 0.6974562 
136 0.963176 
137 0.8965566 
138 0.01222388 
139 0.234528 
140 0.01051233 
141 0.6735228 
142 0.8604225 
143 0.3114389 
144 0.2147612 
145 0.3262919 
146 0.373579 
147 0.1171703 
148 0.4412595 
149 0.2737961 
150 0.6189679 
151 0.1802303 
152 0.3711567 
153 0.8891358 
154 0.8904808 
155 0.1326833 
156 0.1090662 
157 0.6029872 
158 0.8285124 
159 0.6397535 
160 0.8932817 
161 0.4121247 
162 0.3047134 
163 0.1384398 
164 0.6754188 
165 0.893225 
166 0.4200516 
167 0.8914475 
168 0.3816074 
169 0.2432618 
170 0.04805609 
171 0.6936356 
172 0.6552324 
173 0.1618908 
174 0.5370532 
175 0.3109396 
176 0.9377191 
177 0.4695556 
178 0.3206385 
179 0.3242502 
180 0.1011718 
181 0.3572668 
182 0.1588153 
183 0.5334768 
184 0.4626195 
185 0.9296744 
186 0.3511985 
187 0.8950218 
188 0.4346552 
189 0.4150876 
190 0.007166739 
191 0.3242811 
192 0.8168433 
193 0.8287257 
194 0.8484509 
195 0.8004517 
196 0.02195563 
197 0.2817332 
198 0.7436575 
199 0.04734373 
200 0.7200099 
201 0.06722085 
202 0.6097576 
203 0.2500393 
204 0.6282892 
205 0.5032568 
206 0.8697826 
207 0.5100328 
208 0.3541032 
209 0.9424969 
210 0.7286838 
211 0.1397447 
212 0.2553439 
213 0.4028269 
214 0.3532896 
215 0.03926176 
216 0.7217027 
217 0.1629899 
218 0.1387289 
219 0.0210041 
220 0.7409214 
221 0.5534752 
222 0.8909128 
223 0.93526 
224 0.9090758 
225 0.1807745 
226 0.3056444 
227 0.8916452 
228 0.1794408 
229 0.8762067 
230 0.430429 
231 0.9197272 
232 0.5106674 
233 0.2071074 
234 0.1420478 
235 0.1080245 
236 0.72572 
237 0.8374003 
238 0.1796649 
239 0.1935166 
240 0.4546776 
241 0.08887993 
242 0.3051535 
243 0.8577984 
244 0.6198803 
245 0.8830838 
246 0.6318021 
247 0.7400816 
248 0.3425296 
249 0.2946434 
250 0.1723523 
251 0.2733195 
252 0.2235936 
253 0.1678475 
254 0.7061427 
255 0.4396327 
256 0.644634 
257 0.1785 
258 0.9046414 
259 0.6402894 
260 0.9642422 
261 0.7173725 
262 0.529317 
263 0.4753943 
264 0.1648823 
265 0.5005604 
266 0.9231526 
267 0.5392494 
268 0.6273864 
269 0.9716394 
270 0.3472464 
271 0.740686 
272 0.9332934 
273 0.0518565 
274 0.5142361 
275 0.06779182 
276 0.9655316 
277 0.6032237 
278 0.8122116 
279 0.02718275 
280 0.1760126 
281 0.1377797 
282 0.4805149 
283 0.1212098 
284 0.0234239 
285 0.3584594 
286 0.09976607 
287 0.4307967 
288 0.6093133 
289 0.4772512 
290 0.9574478 
291 0.442854 
292 0.366405 
293 0.3104266 
294 0.8787084 
295 0.4315244 
296 0.4372852 
297 0.7542532 
298 0.4830236 
299 0.8334115 
300 0.1939199 
301 0.2888879 
302 0.08669211 
303 0.05203357 
304 0.7847647 
305 0.9991124 
306 0.153471 
307 0.3679385 
308 0.8638934 
309 0.628839 
310 0.01144481 
311 0.4187486 
312 0.02048222 
313 0.5946425 
314 0.5726032 
315 0.02160069 
316 0.7528087 
317 0.03354147 
318 0.0820202 
319 0.326883 
320 0.8496447 
321 0.9202265 
322 0.1780281 
323 0.1289707 
324 0.7166048 
325 0.1402671 
326 0.6889721 
327 0.5962383 
328 0.9029814 
329 0.4329286 
330 0.8244445 
331 0.4582307 
332 0.8890251 
333 0.2312733 
334 0.7401919 
335 0.8472817 
336 0.04887309 
337 0.4437244 
338 0.5182158 
339 0.5521977 
340 0.3507262 
341 0.6589389 
342 0.02220059 
343 0.198741 
344 0.4409173 
345 0.6213974 
346 0.7703844 
347 0.6997752 
348 0.06962849 
349 0.1035282 
350 0.1155416 
351 0.7168474 
352 0.06200413 
353 0.3031715 
354 0.02045029 
355 0.05360052 
356 0.7343946 
357 0.9187135 
358 0.7412407 
359 0.04361083 
360 0.04004531 
361 0.3030596 
362 0.8199219 
363 0.008342952 
364 0.08878301 
365 0.1297388 
366 0.4690197 
367 0.6542483 
368 0.3022645 
369 0.8637826 
370 0.1769455 
371 0.1813348 
372 0.5874358 
373 0.2084151 
374 0.8957831 
375 0.3012618 
376 0.2008678 
377 0.2796799 
378 0.1463448 
379 0.1680044 
380 0.907062 
381 0.6765084 
382 0.04825722 
383 0.4238296 
384 0.1215739 
385 0.320682 
386 0.2625747 
387 0.3776345 
388 0.7040565 
389 0.4585312 
390 0.5937413 
391 0.3866584 
392 0.1795383 
393 0.08825396 
394 0.6219019 
395 0.03495214 
396 0.8404832 
397 0.7009657 
398 0.08336116 
399 0.4648118 
400 0.1176816 
401 0.9053555 
402 0.2803215 
403 0.7061284 
404 0.2925287 
405 0.5715801 
406 0.2780386 
407 0.1064436 
408 0.1099928 
409 0.08132877 
410 0.09996641 
411 0.7964826 
412 0.882149 
413 0.2398803 
414 0.8687724 
415 0.09303696 
416 0.8757656 
417 0.7884226 
418 0.7675249 
419 0.981814 
420 0.2347344 
421 0.4028721 
422 0.4939372 
423 0.01843086 
424 0.2582501 
425 0.8472598 
426 0.9330523 
427 0.7821823 
428 0.4467465 
429 0.7831317 
430 0.08361806 
431 0.8726446 
432 0.7587454 
433 0.1757233 
434 0.6490347 
435 0.549951 
436 0.2953433 
437 0.8448876 
438 0.7139436 
439 0.8619988 
440 0.1475849 
441 0.7435951 
442 0.181648 
443 0.1763334 
444 0.7591714 
445 0.6346148 
446 0.7742332 
447 0.7729812 
448 0.1223909 
449 0.01608627 
450 0.868876 
451 0.0636041 
452 0.9545504 
453 0.1841253 
454 0.2905832 
455 0.8373419 
456 0.5095792 
457 0.02403279 
458 0.697987 
459 0.4820374 
460 0.2431678 
461 0.01852124 
462 0.2746395 
463 0.1666412 
464 0.9102729 
465 0.1277938 
466 0.3120802 
467 0.3443895 
468 0.6740955 
469 0.8419996 
470 0.5927571 
471 0.06757558 
472 0.7040088 
473 0.2481294 
474 0.8479994 
475 0.7338033 
476 0.1100235 
477 0.8518859 
478 0.826335 
479 0.2633812 
480 0.08236958 
481 0.8058845 
482 0.397629 
483 0.6410219 
484 0.03620102 
485 0.3077709 
486 0.6170267 
487 0.235748 
488 0.0550997 
489 0.4083471 
490 0.7811544 
491 0.5600991 
492 0.6980928 
493 0.8878589 
494 0.1089964 
495 0.1272758 
496 0.6460483 
497 0.4378747 
498 0.9892633 
499 0.08043385 
500 0.8737885 
