1 0.9259126 
2 0.8500193 
3 0.591597 
4 0.1787249 
5 0.7476221 
6 0.9764624 
7 0.5135149 
8 0.08250029 
9 0.7136446 
10 0.5014401 
11 0.9842703 
12 0.7833871 
13 0.6678478 
14 0.8677973 
15 0.4160045 
16 0.08303818 
17 0.1154063 
18 0.6311715 
19 0.6807255 
20 0.6801655 
21 0.165955 
22 0.4340397 
23 0.5884489 
24 0.3213345 
25 0.710103 
26 0.9754697 
27 0.08085489 
28 0.317173 
29 0.2219967 
30 0.6255782 
31 0.6223274 
32 0.8126037 
33 0.8745193 
34 0.9409726 
35 0.3497747 
36 0.1359787 
37 0.7347368 
38 0.4533519 
39 0.3315655 
40 0.2635653 
41 0.4529558 
42 0.7979464 
43 0.2504731 
44 0.2241443 
45 0.8509201 
46 0.5319511 
47 0.490563 
48 0.3239281 
49 0.2993245 
50 0.2057836 
51 0.2350961 
52 0.05682744 
53 0.8482981 
54 0.7052679 
55 0.9897143 
56 0.9445639 
57 0.3949717 
58 0.4866602 
59 0.199588 
60 0.01591926 
61 0.5414211 
62 0.2555301 
63 0.126216 
64 0.3552799 
65 0.03344472 
66 0.4161807 
67 0.2478137 
68 0.8197828 
69 0.6185233 
70 0.5627971 
71 0.2324382 
72 0.1931623 
73 0.8268824 
74 0.712118 
75 0.01371187 
76 0.2155672 
77 0.03329187 
78 0.7404982 
79 0.4824845 
80 0.5851206 
81 0.6881028 
82 0.4996395 
83 0.138371 
84 0.9277271 
85 0.638874 
86 0.5041001 
87 0.07327433 
88 0.1599071 
89 0.8158158 
90 0.6219538 
91 0.6628957 
92 0.06694545 
93 0.2256899 
94 0.07775387 
95 0.06245989 
96 0.1464976 
97 0.3962508 
98 0.8302516 
99 0.9196033 
100 0.5840501 
101 0.1992485 
102 0.5454674 
103 0.8494838 
104 0.0497252 
105 0.444245 
106 0.4587813 
107 0.8464899 
108 0.9684727 
109 0.4689931 
110 0.5195572 
111 0.889444 
112 0.7151204 
113 0.0324018 
114 0.861682 
115 0.05054314 
116 0.4542489 
117 0.1878144 
118 0.2536739 
119 0.5528956 
120 0.3913933 
121 0.9407319 
122 0.5153258 
123 0.9317243 
124 0.392538 
125 0.9226648 
126 0.5168975 
127 0.1101423 
128 0.3375951 
129 0.3124592 
130 0.9210618 
131 0.3486955 
132 0.2509443 
133 0.5070127 
134 0.1814178 
135 0.2097929 
136 0.952709 
137 0.2437812 
138 0.2217052 
139 0.3117483 
140 0.08921022 
141 0.5712119 
142 0.7466365 
143 0.0784731 
144 0.9682232 
145 0.2661326 
146 0.6592702 
147 0.394993 
148 0.4492956 
149 0.9945026 
150 0.2725582 
151 0.7573481 
152 0.8042273 
153 0.2909821 
154 0.8337494 
155 0.596986 
156 0.2245444 
157 0.2639315 
158 0.2303152 
159 0.8521372 
160 0.2889532 
161 0.9303265 
162 0.7763795 
163 0.0138226 
164 0.08073299 
165 0.7184867 
166 0.6127853 
167 0.6239703 
168 0.9655622 
169 0.8780438 
170 0.03807371 
171 0.6901646 
172 0.09680652 
173 0.1629309 
174 0.7002116 
175 0.6237515 
176 0.5834919 
177 0.034293 
178 0.2930133 
179 0.609631 
180 0.3885714 
181 0.5566041 
182 0.8388405 
183 0.5426914 
184 0.2425501 
185 0.8037937 
186 0.6665128 
187 0.6871388 
188 0.5099298 
189 0.929755 
190 0.2212575 
191 0.4194304 
192 0.2294384 
193 0.5961485 
194 0.9738185 
195 0.6646758 
196 0.06412519 
197 0.6047021 
198 0.2357929 
199 0.2533814 
200 0.9094001 
201 0.2749201 
202 0.9182257 
203 0.02948922 
204 0.9153658 
205 0.3805 
206 0.5787104 
207 0.9422897 
208 0.4088823 
209 0.9403655 
210 0.5879826 
211 0.858426 
212 0.61701 
213 0.8792155 
214 0.6850205 
215 0.05520456 
216 0.2644266 
217 0.09196856 
218 0.3191499 
219 0.8806997 
220 0.06226796 
221 0.6172307 
222 0.1344685 
223 0.05374693 
224 0.8229663 
225 0.135573 
226 0.3911469 
227 0.0631773 
228 0.8982535 
229 0.6849535 
230 0.4829918 
231 0.9530142 
232 0.0715669 
233 0.6759943 
234 0.9298557 
235 0.7763951 
236 0.588485 
237 0.663688 
238 0.5276182 
239 0.3863664 
240 0.4002206 
241 0.8864593 
242 0.3320163 
243 0.8447447 
244 0.08716359 
245 0.5592409 
246 0.9923888 
247 0.617798 
248 0.3087114 
249 0.07636336 
250 0.9676147 
251 0.3308851 
252 0.6390722 
253 0.7738477 
254 0.8615916 
255 0.8387074 
256 0.4018284 
257 0.2288214 
258 0.7815511 
259 0.4422128 
260 0.1159598 
261 0.1711129 
262 0.4960803 
263 0.9406205 
264 0.4036588 
265 0.4471813 
266 0.5675632 
267 0.9467369 
268 0.7547461 
269 0.8308094 
270 0.9159632 
271 0.3854183 
272 0.8064224 
273 0.0300871 
274 0.3904298 
275 0.7966756 
276 0.3949598 
277 0.3921669 
278 0.6045348 
279 0.4999236 
280 0.2778902 
281 0.4369148 
282 0.5429596 
283 0.1236533 
284 0.04102779 
285 0.269714 
286 0.6271191 
287 0.5748455 
288 0.6449213 
289 0.7074298 
290 0.2110313 
291 0.7670572 
292 0.751368 
293 0.4915004 
294 0.3308131 
295 0.3227721 
296 0.9635516 
297 0.3679527 
298 0.0680229 
299 0.1141192 
300 0.2382445 
301 0.9248163 
302 0.09713934 
303 0.6334114 
304 0.5812904 
305 0.4574274 
306 0.01806385 
307 0.03660997 
308 0.6984771 
309 0.07992609 
310 0.4272802 
311 0.6030012 
312 0.7421435 
313 0.8447124 
314 0.358133 
315 0.2682432 
316 0.8329009 
317 0.889291 
318 0.9996917 
319 0.9307269 
320 0.9647564 
321 0.6823871 
322 0.921878 
323 0.5124271 
324 0.7648209 
325 0.0317324 
326 0.3503606 
327 0.2918692 
328 0.3191596 
329 0.473198 
330 0.6144305 
331 0.590646 
332 0.06961939 
333 0.7656243 
334 0.7679091 
335 0.8635748 
336 0.295829 
337 0.2565445 
338 0.9573708 
339 0.02448834 
340 0.76596 
341 0.2319462 
342 0.5827197 
343 0.6183555 
344 0.3911499 
345 0.8873421 
346 0.4862058 
347 0.6342235 
348 0.7730341 
349 0.3936283 
350 0.2017853 
351 0.175181 
352 0.005470361 
353 0.2107526 
354 0.3099783 
355 0.6111297 
356 0.944636 
357 0.375563 
358 0.4505597 
359 0.3123841 
360 0.9941566 
361 0.1537089 
362 0.2109987 
363 0.4614094 
364 0.5928221 
365 0.3696449 
366 0.9970084 
367 0.04405655 
368 0.3827842 
369 0.1844536 
370 0.598343 
371 0.1047618 
372 0.342847 
373 0.4236325 
374 0.6540668 
375 0.6391167 
376 0.6082631 
377 0.3206153 
378 0.7369144 
379 0.5419571 
380 0.5544803 
381 0.9288829 
382 0.1459241 
383 0.9863469 
384 0.3185894 
385 0.2870016 
386 0.9457295 
387 0.8152712 
388 0.01339021 
389 0.7884713 
390 0.4697157 
391 0.5199204 
392 0.9066923 
393 0.5090702 
394 0.7589429 
395 0.3512322 
396 0.6611449 
397 0.6630284 
398 0.7539876 
399 0.9316802 
400 0.3921567 
401 0.3292615 
402 0.3043081 
403 0.04268908 
404 0.5490388 
405 0.0775268 
406 0.1719744 
407 0.4076741 
408 0.00521882 
409 0.1809886 
410 0.556938 
411 0.620784 
412 0.8564994 
413 0.4758499 
414 0.009301609 
415 0.8660033 
416 0.3930727 
417 0.6867557 
418 0.1285166 
419 0.2323659 
420 0.3683407 
421 0.760884 
422 0.1299314 
423 0.6875559 
424 0.6670004 
425 0.1426193 
426 0.3485618 
427 0.08305889 
428 0.8894574 
429 0.8040712 
430 0.1486189 
431 0.5221891 
432 0.1265522 
433 0.3980191 
434 0.4099295 
435 0.3676356 
436 0.1883859 
437 0.4940427 
438 0.2062229 
439 0.4951929 
440 0.3161567 
441 0.1029006 
442 0.866922 
443 0.4678315 
444 0.2856327 
445 0.8782489 
446 0.1911154 
447 0.1958615 
448 0.7674807 
449 0.1106105 
450 0.8686951 
451 0.6605517 
452 0.2673911 
453 0.8404618 
454 0.9453769 
455 0.4539037 
456 0.1834199 
457 0.3126266 
458 0.02175351 
459 0.39676 
460 0.6885102 
461 0.06407849 
462 0.515056 
463 0.5408875 
464 0.6368361 
465 0.5645381 
466 0.6114951 
467 0.8123758 
468 0.7190981 
469 0.471907 
470 0.5816745 
471 0.1348063 
472 0.6717845 
473 0.266333 
474 0.5361714 
475 0.2668943 
476 0.8887698 
477 0.6098221 
478 0.1798608 
479 0.3674233 
480 0.6274729 
481 0.3977777 
482 0.9089597 
483 0.3884968 
484 0.4495462 
485 0.0948042 
486 0.4575314 
487 0.4182147 
488 0.6669073 
489 0.8265045 
490 0.06328652 
491 0.9872979 
492 0.06318687 
493 0.3000743 
494 0.3066374 
495 0.3512409 
496 0.372215 
497 0.5904104 
498 0.6096747 
499 0.993802 
500 0.2515307 
