1 0.4425003 
2 0.3078945 
3 0.8094963 
4 0.8766599 
5 0.7928099 
6 0.2826559 
7 0.04738232 
8 0.573078 
9 0.7035956 
10 0.9546191 
11 0.2447039 
12 0.3093265 
13 0.2156727 
14 0.006366817 
15 0.3856881 
16 0.01511243 
17 0.154271 
18 0.1801148 
19 0.9588655 
20 0.4169762 
21 0.00157862 
22 0.3110338 
23 0.9425563 
24 0.5682343 
25 0.2294339 
26 0.3264143 
27 0.6242515 
28 0.4781286 
29 0.9381724 
30 0.4666526 
31 0.1391312 
32 0.8675391 
33 0.4510899 
34 0.0007299346 
35 0.3823354 
36 0.1538491 
37 0.9501596 
38 0.2431062 
39 0.3634441 
40 0.1936227 
41 0.5574449 
42 0.2959076 
43 0.3252744 
44 0.5389142 
45 0.1828153 
46 0.8594066 
47 0.9297174 
48 0.6773837 
49 0.8679133 
50 0.4173984 
51 0.6477156 
52 0.1908411 
53 0.1348248 
54 0.4434761 
55 0.6957977 
56 0.9462606 
57 0.08914405 
58 0.3611608 
59 0.7486199 
60 0.03114847 
61 0.7181262 
62 0.005188561 
63 0.9920263 
64 0.7500004 
65 0.1530682 
66 0.7762556 
67 0.7955006 
68 0.7599502 
69 0.1873045 
70 0.2186861 
71 0.8753773 
72 0.8404335 
73 0.6118927 
74 0.3785109 
75 0.7271731 
76 0.02697674 
77 0.04222645 
78 0.07484078 
79 0.16146 
80 0.06919273 
81 0.7395002 
82 0.05425937 
83 0.9779725 
84 0.9298665 
85 0.007474851 
86 0.3727071 
87 0.4142607 
88 0.3418501 
89 0.3417436 
90 0.09501117 
91 0.5333505 
92 0.008595547 
93 0.04521144 
94 0.354796 
95 0.3797467 
96 0.3268717 
97 0.9143809 
98 0.3359608 
99 0.9018107 
100 0.1675088 
101 0.5043495 
102 0.2736195 
103 0.9021497 
104 0.1346375 
105 0.003055361 
106 0.9551067 
107 0.8350052 
108 0.7557863 
109 0.5498298 
110 0.1585014 
111 0.3275343 
112 0.1332294 
113 0.1757835 
114 0.1287424 
115 0.4645716 
116 0.8465174 
117 0.1445009 
118 0.5278031 
119 0.1858546 
120 0.7997961 
121 0.1939306 
122 0.9838151 
123 0.4351045 
124 0.940063 
125 0.0718203 
126 0.6125123 
127 0.8217844 
128 0.9709652 
129 0.5814964 
130 0.2262688 
131 0.4936024 
132 0.9263178 
133 0.008514298 
134 0.7562519 
135 0.7931152 
136 0.658173 
137 0.898623 
138 0.6851971 
139 0.3288657 
140 0.003153418 
141 0.3939506 
142 0.569806 
143 0.8282196 
144 0.3726853 
145 0.1602771 
146 0.938412 
147 0.6519236 
148 0.06581936 
149 0.03576519 
150 0.3778728 
151 0.5636967 
152 0.7783787 
153 0.944665 
154 0.5572482 
155 0.07051764 
156 0.05992393 
157 0.2957176 
158 0.5165285 
159 0.5730919 
160 0.7969003 
161 0.5421224 
162 0.4980145 
163 0.4907105 
164 0.8837523 
165 0.1099357 
166 0.3908052 
167 0.9492693 
168 0.9813673 
169 0.3929327 
170 0.3035514 
171 0.9230013 
172 0.0619688 
173 0.3720326 
174 0.006649875 
175 0.6131829 
176 0.5134179 
177 0.8026649 
178 0.553641 
179 0.1408832 
180 0.1895176 
181 0.6948163 
182 0.8872945 
183 0.3057466 
184 0.01223119 
185 0.0493922 
186 0.2008731 
187 0.4505773 
188 0.07129937 
189 0.18407 
190 0.2990119 
191 0.5791914 
192 0.4074501 
193 0.9450768 
194 0.03088976 
195 0.3369042 
196 0.326713 
197 0.1456474 
198 0.7887119 
199 0.5013709 
200 0.9919924 
201 0.6406638 
202 0.5960299 
203 0.06294867 
204 0.6964185 
205 0.05455907 
206 0.3636795 
207 0.3607793 
208 0.9004623 
209 0.2115924 
210 0.005749872 
211 0.7700613 
212 0.7218747 
213 0.1172968 
214 0.5769704 
215 0.03926043 
216 0.01997731 
217 0.8239207 
218 0.5392859 
219 0.7057771 
220 0.6143053 
221 0.2034536 
222 0.5234461 
223 0.2832369 
224 0.07392279 
225 0.7861938 
226 0.06188826 
227 0.9918615 
228 0.2957692 
229 0.2769919 
230 0.02013543 
231 0.7652202 
232 0.1367984 
233 0.6566239 
234 0.7036689 
235 0.3611695 
236 0.2577996 
237 0.4425693 
238 0.5071137 
239 0.2879375 
240 0.6838555 
241 0.5017057 
242 0.1357448 
243 0.4643826 
244 0.3411962 
245 0.8104993 
246 0.1902424 
247 0.09159286 
248 0.08856511 
249 0.07891858 
250 0.4159981 
251 0.1564597 
252 0.7538331 
253 0.5288591 
254 0.8417323 
255 0.05974038 
256 0.1207767 
257 0.3891659 
258 0.6343633 
259 0.1223831 
260 0.608518 
261 0.4535768 
262 0.7302363 
263 0.3844381 
264 0.8201724 
265 0.2200175 
266 0.2213949 
267 0.5725126 
268 0.09175943 
269 0.3915613 
270 0.1480718 
271 0.9538041 
272 0.8038307 
273 0.5850578 
274 0.7364628 
275 0.5878751 
276 0.2857205 
277 0.6048008 
278 0.3928069 
279 0.003775674 
280 0.09895758 
281 0.600289 
282 0.8140811 
283 0.124414 
284 0.9479213 
285 0.006895074 
286 0.8063465 
287 0.530687 
288 0.5255372 
289 0.7223442 
290 0.3051856 
291 0.2599025 
292 0.03483473 
293 0.2724226 
294 0.5297855 
295 0.9289942 
296 0.7883029 
297 0.008010949 
298 0.172059 
299 0.1403699 
300 0.7157125 
301 0.8422879 
302 0.8179446 
303 0.271565 
304 0.1291658 
305 0.8655707 
306 0.8188463 
307 0.7197601 
308 0.5594304 
309 0.01658928 
310 0.3095571 
311 0.7026432 
312 0.3178729 
313 0.1244526 
314 0.05150806 
315 0.2686962 
316 0.2893647 
317 0.1245097 
318 0.1764148 
319 0.5106647 
320 0.6135929 
321 0.4635299 
322 0.9412889 
323 0.09010279 
324 0.2242221 
325 0.272513 
326 0.323184 
327 0.02031997 
328 0.5158883 
329 0.6919501 
330 0.5665499 
331 0.8207671 
332 0.9413175 
333 0.572859 
334 0.9534278 
335 0.7301553 
336 0.3474006 
337 0.4957104 
338 0.0239789 
339 0.1159847 
340 0.2606403 
341 0.8440316 
342 0.07801272 
343 0.07604583 
344 0.1609319 
345 0.4585902 
346 0.2046621 
347 0.0916115 
348 0.08192171 
349 0.2343866 
350 0.1131978 
351 0.9910774 
352 0.6912023 
353 0.7745515 
354 0.3917924 
355 0.2929183 
356 0.9574882 
357 0.9617246 
358 0.3662968 
359 0.4047905 
360 0.9737956 
361 0.3660364 
362 0.9442936 
363 0.02687958 
364 0.1786833 
365 0.2351417 
366 0.2067746 
367 0.1866775 
368 0.02938733 
369 0.9973648 
370 0.364302 
371 0.2970657 
372 0.9107676 
373 0.7896448 
374 0.6732609 
375 0.9494752 
376 0.009360369 
377 0.616424 
378 0.8898333 
379 0.2928954 
380 0.1010219 
381 0.8615418 
382 0.9373379 
383 0.6348155 
384 0.1522811 
385 0.7956008 
386 0.2736171 
387 0.3059083 
388 0.7710228 
389 0.9919381 
390 0.8210077 
391 0.8350414 
392 0.7205404 
393 0.9923365 
394 0.9153065 
395 0.06617501 
396 0.3935561 
397 0.01919341 
398 0.9008296 
399 0.2968191 
400 0.2622293 
401 0.009559044 
402 0.2519733 
403 0.8897416 
404 0.459337 
405 0.8688718 
406 0.8928541 
407 0.1111196 
408 0.9734499 
409 0.1619435 
410 0.03489776 
411 0.4378093 
412 0.8604684 
413 0.2024133 
414 0.7603516 
415 0.7408145 
416 0.3589097 
417 0.1813216 
418 0.5504728 
419 0.9449977 
420 0.2313465 
421 0.5517977 
422 0.1713245 
423 0.5341838 
424 0.2499907 
425 0.6586973 
426 0.1355428 
427 0.8103706 
428 0.351123 
429 0.6258958 
430 0.4648464 
431 0.5001687 
432 0.1180419 
433 0.7289422 
434 0.8783127 
435 0.3094978 
436 0.4627802 
437 0.3526662 
438 0.7198802 
439 0.7398587 
440 0.3083214 
441 0.5189262 
442 0.1547505 
443 0.702623 
444 0.7868857 
445 0.4821629 
446 0.3712886 
447 0.5433873 
448 0.6590476 
449 0.259342 
450 0.2035661 
451 0.009764089 
452 0.8182649 
453 0.8235334 
454 0.5235155 
455 0.06389178 
456 0.5239603 
457 0.1025094 
458 0.007637658 
459 0.7444953 
460 0.8735182 
461 0.2105683 
462 0.1822206 
463 0.7931272 
464 0.6932679 
465 0.5608012 
466 0.683245 
467 0.5870691 
468 0.3120137 
469 0.2749238 
470 0.3289943 
471 0.3741222 
472 0.4225445 
473 0.02341965 
474 0.4271602 
475 0.8985091 
476 0.7992954 
477 0.05651544 
478 0.04386224 
479 0.1452891 
480 0.3292411 
481 0.9437885 
482 0.5162162 
483 0.5263545 
484 0.2816028 
485 0.5335193 
486 0.1816475 
487 0.7002098 
488 0.06374704 
489 0.5968413 
490 0.4215943 
491 0.2045383 
492 0.3269052 
493 0.8184084 
494 0.7470747 
495 0.1127724 
496 0.3810922 
497 0.8318423 
498 0.9208694 
499 0.2571804 
500 0.6023587 
